23.6508 58.0344
24.3099 58.5947
26.2843 60.2398
32.4034 60.1579
31.7193 62.7099
29.5170 65.0185
30.3933 67.2598
31.5809 70.2969
24.4160 68.7496
22.9535 67.7334
22.3831 64.3829
20.8687 63.4567
16.8446 65.0601
15.7243 66.1380
14.8748 66.9554
14.7654 68.1423
13.4469 69.3979
13.9220 71.6004
14.2814 73.3035
14.8690 76.0882
9.0905 77.5702
5.9201 75.7939
5.2581 70.0500
1.6161 69.6371
1.6101 71.1499
1.5229 80.8601
2.1887 82.8206
3.2803 86.0348
4.2400 86.1483
6.8710 86.4596
9.0378 87.1652
7.0476 88.7305
5.9984 89.5557
5.7789 90.9739
4.2067 91.9110
3.5928 92.5077
2.8457 94.9283
1.8745 98.0750
7.3267 98.5173
10.9425 95.3512
12.4035 94.3964
17.9432 97.9968
17.8409 96.9437
17.5873 94.3320
16.8444 92.6625
17.3360 91.8338
20.6710 90.4923
19.9165 89.2314
17.7220 87.2740
20.0564 84.3912
23.2556 80.4404
21.5097 76.8310
21.5120 75.9635
22.7994 73.3351
23.8660 73.8434
25.9738 74.8542
28.0310 75.8408
29.8424 76.7196
30.6383 77.4808
32.2300 80.8605
30.0691 82.2196
28.7576 86.7194
27.2640 89.6240
25.4127 93.2239
25.3852 98.0694
25.3790 99.1515
30.2651 96.4248
35.7006 98.5752
36.4348 97.9582
37.2946 97.2357
38.0317 96.6148
39.5821 96.7537
41.3795 96.9131
44.5514 97.1943
45.8919 94.7156
46.2980 92.6786
44.1650 92.2244
42.6383 91.8994
39.1508 90.2872
38.5903 86.9180
39.1040 84.9148
39.7833 82.6482
44.6514 81.5811
44.3195 79.8986
43.7592 79.1485
43.3633 74.1483
45.4844 70.2541
45.4563 70.2264
43.9921 69.6806
41.7934 68.8609
39.7953 68.0513
39.2572 66.0755
38.5155 64.6222
38.7995 61.9663
39.0136 59.8972
40.1341 57.8809
41.9090 60.0533
46.1550 60.7422
49.3298 61.2573
52.3899 64.8176
53.7802 63.5658
56.1405 58.6426
57.2011 56.3763
58.3274 53.9694
50.5143 53.5817
51.2056 49.0960
51.8128 45.1556
52.1287 42.6643
56.8533 40.4592
60.7652 38.6334
64.8064 46.7645
69.7726 41.7627
76.1541 46.2768
77.1176 47.3387
78.5609 50.5174
78.9617 51.8931
79.6681 54.3179
75.7837 59.0750
72.7383 55.0259
70.9091 58.0713
67.4739 57.5237
66.6918 57.9294
65.4988 62.9219
62.9816 65.0419
66.9637 71.4340
69.3015 70.1660
71.1986 69.9995
72.3904 70.5946
73.6854 71.2413
74.6236 72.4390
75.8610 74.0187
74.4457 80.0814
69.1739 84.1771
66.4867 86.2649
62.0553 82.3872
62.3731 79.5883
59.4684 76.0812
58.8181 75.1801
55.6236 72.0519
53.6211 70.9171
51.3707 73.4909
51.0086 74.5709
50.3375 76.5726
52.0625 77.3673
53.2530 78.6652
55.4663 81.0783
53.9629 83.4702
54.4868 84.9839
56.1217 89.7071
55.3655 91.0835
52.9771 93.5660
50.6716 95.9622
49.2802 98.5772
53.5529 98.9657
54.4238 98.8544
62.1127 93.8973
64.9659 93.9511
68.0622 94.0094
71.1865 94.3525
72.7869 93.2782
73.1515 89.8930
76.7806 86.7248
80.2927 86.3671
80.9686 89.2478
82.4683 95.6396
86.1176 91.4761
92.1531 84.5901
93.2419 74.6829
95.0499 58.2328
90.6667 57.0573
87.1407 56.1117
83.9736 53.2601
84.6119 50.3039
87.6357 36.3002
91.3599 29.7075
91.0642 18.2096
90.9170 12.4016
86.1744 11.9893
80.0000 20.0000
75.6640 24.4190
72.7490 19.7200
74.7733 14.3059
64.3094 6.6187
62.1213 20.5214
57.1967 29.1184
52.2723 29.4781
51.8501 31.2531
51.3906 33.1850
49.6201 34.4137
47.4236 35.9380
48.1715 39.2395
43.1950 45.0559
42.1462 46.9138
40.9661 49.0047
39.8154 49.1915
39.1737 46.9732
38.1621 43.4758
38.2005 39.9285
35.4434 38.7354
31.7383 37.1321
31.2403 35.7021
28.1590 32.6794
25.0037 27.1633
27.2324 26.9937
30.3128 27.8562
37.1474 29.7698
39.6622 30.4732
36.8866 24.4916
37.7291 21.2124
39.8736 19.0660
43.8383 17.5292
42.0865 6.3697
31.4468 13.7941
29.6326 19.4911
26.0270 20.6110
23.7773 19.6720
23.0683 18.4381
15.4435 12.3570
9.3851 9.1790
6.8477 13.6910
3.9869 18.5528
5.6421 23.4282
6.7118 26.5792
16.4985 28.4350
13.8980 33.2308
9.1445 41.9914
7.0535 42.5979
4.1021 43.4540
3.6775 46.8147
3.7350 54.9197
4.7706 58.3015
8.8140 56.2044
13.2274 55.2037
14.9165 54.8207
10.8870 50.6641
10.1198 49.1199
10.8331 48.6553
17.1692 44.5281
19.1761 48.4636
20.5415 50.8060
22.4102 48.3653
25.7150 44.0488
26.8054 46.6737
27.9343 49.3910
29.1790 52.4329
25.5657 56.4869
