378.6217
75.3972 88.5366
68.1405 88.0117
58.6985 88.4040
55.7406 88.4437
51.1209 88.4554
44.5094 88.4721
37.0658 87.9562
30.6463 87.5113
29.5077 86.1798
26.3646 87.8216
20.5936 88.4729
10.0777 89.6597
11.9209 80.5381
12.1449 73.6105
13.7002 71.3222
11.8757 65.3573
12.2805 61.1446
11.9354 54.4469
11.9034 50.6832
11.8328 42.4067
13.7135 39.3953
14.0521 35.5528
12.4071 28.5631
12.7520 18.4538
12.8724 14.9261
25.2224 19.7001
29.5040 21.4571
36.3531 20.0838
43.6367 17.7001
48.0174 17.7246
53.8026 17.0992
57.9011 16.6562
64.1201 15.9840
80.0000 20.0000
84.5928 17.8285
86.5265 17.8243
83.6514 24.8287
77.4875 30.5888
69.1373 38.3920
61.9366 39.8317
49.8947 42.2639
43.3287 43.5901
38.3213 45.5275
36.7959 48.6372
36.5236 52.5215
36.5819 60.2466
37.0067 63.8204
51.1082 64.2034
57.3474 64.3729
66.8126 63.2764
73.7125 62.1480
77.6187 61.5093
82.4397 62.0011
86.9056 65.7632
87.3190 77.3575
79.9893 88.8688
