Decoded TSP tour:
50 85 10 58.2975 84.9298
50 95 10 58.2456 95.0424
50 105 10 58.0655 105.144
50 115 10 57.7159 115.267
50 125 10 57.2771 125.318
60 145 10 56.7403 137.613
50 135 10 56.7403 137.613
50 145 10 56.7403 137.613
70 145 10 69.621 137.003
80 145 10 79.6845 136.623
90 145 10 89.7782 136.364
100 145 10 99.8254 136.166
110 145 10 109.852 136.001
120 145 10 120.588 136.768
130 145 10 133.198 137.67
140 135 10 133.198 137.67
140 145 10 133.198 137.67
140 125 10 133.602 124.799
140 115 10 133.973 112.98
140 105 10 133.973 112.98
100 100 0 100 100
140 95 10 134.425 86.6981
140 75 10 133.062 77.7988
140 85 10 133.062 77.7988
140 65 10 133.041 62.1818
130 55 10 133.041 62.1818
140 55 10 133.041 62.1818
120 55 10 120.678 63.2041
110 55 10 110.425 63.7043
100 55 10 100.265 64.0036
90 55 10 90.1906 64.2121
80 55 10 79.4486 63.5166
70 55 10 69.2244 62.4525
50 65 10 57.7958 61.2631
60 55 10 57.7958 61.2631
50 55 10 57.7958 61.2631
50 75 10 58.0834 74.8286
Total tour distance: 350.972
