809.2157
106.6535 165.5766
102.4976 165.3169
95.0221 153.6474
85.1514 166.2541
76.1079 167.0821
75.2476 153.7986
70.4296 154.0278
63.5303 154.3561
58.0084 160.9888
53.1082 167.7541
37.8710 168.8318
37.5509 154.8274
38.1573 140.7843
42.7860 138.0748
50.9387 130.7701
51.8807 120.8375
37.5406 118.4320
38.1949 100.7310
52.6797 98.1873
51.3312 89.9851
38.7252 80.1142
38.6130 70.0809
51.9561 69.0590
51.6614 60.5197
39.8509 53.2798
40.1184 46.5341
38.7922 40.2358
36.9662 32.1745
48.9722 33.6080
58.6919 34.7686
62.1242 35.2282
67.3158 34.6330
73.3051 32.4282
77.1401 47.9986
93.3576 47.5248
93.6363 39.8688
96.0477 32.9640
103.4396 32.5472
113.9679 45.8209
122.1294 48.8312
125.1691 33.5604
136.4428 35.6541
141.9210 34.8137
151.0078 33.7695
163.2350 32.3644
161.9134 49.1173
155.6996 53.2167
149.6863 57.4852
149.7341 62.7094
155.7245 66.9911
163.2106 72.3419
163.0861 87.7752
151.2264 86.1346
141.8187 84.8332
136.9528 86.5980
100.0000 100.0000
136.9515 113.4040
141.8032 115.1639
147.0909 115.4325
151.9861 114.3980
162.9408 112.0830
161.4451 129.8217
149.2057 138.9057
149.4266 141.6626
155.7157 146.7944
162.3345 151.4219
163.2355 167.6351
150.8308 166.4322
141.2888 165.1800
137.5023 164.6830
125.8421 166.8840
125.1397 153.7394
120.2437 153.8739
114.2803 154.0376
