27.8499 118.8049
38.4003 116.7573
48.2502 114.8457
54.4575 123.3235
51.3907 129.9127
46.9791 135.4672
37.8662 138.4243
27.2751 141.8610
29.5051 153.1169
30.4917 158.0973
28.7701 166.7458
26.6271 177.5112
34.7106 176.5134
39.3535 173.1244
46.0347 175.8198
58.0426 160.9427
64.5377 153.9112
73.1824 152.3157
69.8020 164.9470
66.4749 177.3793
78.1918 174.8352
81.9419 175.6108
91.5317 177.5942
101.5422 179.6646
100.7895 168.8945
99.6519 162.3843
99.2283 154.5040
98.9565 149.4475
108.1422 151.9152
115.3441 153.8500
123.0661 152.2056
124.8059 165.1482
126.4469 177.3556
138.3705 175.3435
142.8316 174.5907
149.0315 174.9495
152.2967 175.2673
158.8130 174.9293
162.2208 175.8258
173.5937 177.3215
174.5752 159.8765
175.4732 143.9167
170.2310 144.0505
163.8901 144.2124
158.2073 145.2581
146.5114 147.4105
147.5022 135.6310
148.3424 125.6412
148.7944 119.7600
159.4431 118.8031
173.3228 117.5559
172.8678 102.0094
159.8772 100.1584
147.5092 98.3961
149.5631 86.6758
150.2321 82.8579
149.7091 74.3997
149.3476 68.5528
153.1158 64.5022
162.7873 70.5216
173.6447 77.2792
171.8952 66.2903
170.3425 56.5375
169.9654 54.1683
169.9010 46.4039
170.5600 43.1108
172.4773 33.5309
174.4692 23.3313
161.1645 24.8967
160.2585 25.0033
148.0590 24.3875
137.0340 22.1080
141.7616 39.3318
136.0619 45.8081
131.2062 44.9270
127.4881 45.3206
119.7973 45.4845
113.4648 45.6194
108.8920 40.4248
109.6339 37.2545
110.7015 32.6923
113.2592 22.3866
100.8140 23.5689
91.2617 24.7988
87.8046 25.2440
81.3438 24.9093
75.3631 26.5598
68.6950 24.9145
62.6268 24.6488
57.9573 25.6713
54.9738 26.3246
48.7149 24.9171
39.3150 24.2186
27.3433 21.7879
29.5184 33.1832
30.0440 35.9368
29.6517 42.3839
30.2281 47.1237
27.8624 58.8208
44.0669 58.0508
50.7773 54.9697
55.6626 55.9896
62.8809 54.5760
70.1657 53.9041
84.9463 53.6290
92.6152 61.7428
100.0000 100.0000
65.4690 96.6280
58.3459 84.8623
51.7901 85.1615
48.8167 84.8026
39.3174 83.6559
26.4506 82.6413
29.1370 92.5137
30.0324 95.8044
30.1911 103.0544
29.6878 106.4400
