428.3678
119.9829 51.9946
109.9994 51.9937
100.0076 52.0045
90.0085 52.0166
80.0089 52.0293
70.0043 52.0420
57.0923 52.0498
57.2705 64.8992
57.5184 74.8119
57.8690 88.8292
100.0000 100.0000
57.3574 111.7726
57.4579 124.9431
57.5361 135.1851
57.2193 148.0803
70.0161 148.1102
80.0161 148.1336
95.0129 148.1687
109.9850 148.1361
119.9850 148.1143
129.9092 148.0927
142.9364 147.9215
143.3901 134.7719
143.7818 119.9406
144.1792 104.8928
144.2261 94.9727
143.9480 85.1717
143.6576 75.1844
143.3633 65.1955
142.9781 52.1199
129.9457 52.0190
