169.6101 82.2350
170.2493 77.2190
169.8657 73.3666
176.7695 62.3603
182.4342 58.4610
183.0061 44.7091
183.5094 32.6074
171.6195 34.6109
167.6527 35.2794
163.0481 35.4759
157.8643 28.8232
152.0010 20.9791
147.2419 14.6121
141.9911 14.7998
137.1502 16.4048
129.1382 19.0612
129.5145 24.3189
130.1540 33.2519
129.8270 36.1202
128.3091 49.4359
142.5919 51.7171
150.2021 57.0005
150.5638 61.6898
144.8137 65.1506
147.3222 79.6657
149.3672 91.4993
151.9081 100.8755
149.8550 106.6967
150.1898 113.0611
149.9304 115.9054
148.6474 129.9778
153.1831 135.5201
159.2070 135.0405
159.7541 134.9970
168.3364 134.8607
171.8813 135.5677
183.0625 137.7979
180.6876 127.0596
178.9893 119.3809
193.1276 114.4983
201.2964 113.2081
212.3664 111.4597
210.3949 123.4162
209.8398 126.7826
209.7927 132.9744
210.3722 137.7028
210.0646 144.1315
209.8267 146.8537
209.7513 152.7835
210.2868 157.3777
210.0665 163.8487
209.8571 166.6843
210.2213 172.9079
209.9244 176.2277
210.2386 182.8285
209.2057 187.1835
209.1929 191.0642
210.6163 197.1829
212.6331 205.8527
213.9295 217.0533
201.3647 215.2878
198.8174 214.9298
192.6350 214.5792
187.6330 215.9551
178.9679 218.2227
168.5476 219.8097
170.4245 207.8825
169.2529 201.2074
168.4324 190.3754
184.7355 186.4980
184.3878 175.1723
184.0145 163.0108
172.7113 165.3746
168.9690 164.9467
162.5152 164.6785
156.0672 165.8058
145.2324 166.4781
141.9285 160.9034
137.0993 157.9573
134.1819 153.1332
124.8378 153.7519
119.3585 158.5239
119.4563 164.8540
119.5681 172.0928
122.4959 178.4539
126.6911 187.5683
144.1230 193.0908
143.5926 204.7074
142.9917 217.8667
131.9382 215.5900
128.5855 214.8995
122.1821 215.2410
119.4247 214.9834
113.0006 214.5392
108.5389 215.2047
98.7977 216.6578
87.4212 218.2974
89.5421 207.9912
90.4728 201.9614
89.9218 196.2478
100.9615 190.7216
100.0143 185.5344
95.7276 174.0414
91.7960 174.8374
87.2269 176.1934
74.8295 180.4553
63.8425 184.2323
59.3948 188.4259
60.0168 194.4209
59.9635 195.4943
59.6263 202.2918
60.4892 206.8145
62.6624 218.2059
51.1485 216.6266
41.3608 215.2593
39.3563 214.9793
31.8908 214.8196
27.6726 215.2746
22.1627 214.7633
17.7558 215.2551
12.3230 214.7264
8.1638 215.1700
2.3763 214.7136
-1.7685 215.4838
-13.2539 217.6183
-11.7030 206.1190
-10.3020 196.3976
-9.9281 193.8032
-9.5812 187.8637
-10.2496 183.5048
-12.1394 171.1815
-1.1739 172.8262
5.2243 173.7859
11.8674 180.8190
14.6311 186.1370
20.1687 186.2437
34.6945 186.5235
38.0436 178.2600
40.2311 172.8627
40.6504 168.5474
29.3992 161.5860
29.8593 156.6714
32.7466 151.1837
38.4378 140.3668
44.5757 133.8917
53.9807 132.9855
56.8960 142.9907
59.7578 152.8125
63.4070 155.5983
68.2976 155.1460
72.4348 154.6991
77.9033 155.2223
83.2201 153.1116
91.4256 149.8542
100.9701 140.7034
100.0000 100.0000
61.2282 104.9243
58.2977 105.2975
46.4676 107.3731
48.1881 96.2686
49.6928 86.4917
50.2908 82.6059
50.5681 74.6695
52.1926 61.2485
36.6342 62.4824
32.0228 70.2859
26.3974 79.8053
18.2450 90.6586
20.1617 96.7911
19.9241 103.7705
20.3567 107.6472
19.7475 112.7671
20.2954 117.4126
20.0765 123.7653
17.0564 129.0401
10.8100 141.0575
7.3566 145.3557
2.1862 144.7581
-1.8368 145.5392
-13.1315 147.7320
-11.5567 136.1478
-10.2433 126.3014
-9.8128 123.0744
-10.0866 116.3132
-9.8913 113.5292
-10.3109 107.4740
-9.9547 104.0490
-9.7426 97.2543
-10.1607 93.8068
-9.5172 88.0697
-11.3531 83.9739
-12.7832 71.9222
-0.8981 69.8497
5.9041 65.8773
10.1617 63.2092
10.4965 54.6291
10.7263 48.7414
7.5203 44.6877
-1.4378 46.1416
-12.8626 47.9959
-11.4153 30.1286
-6.0333 27.0251
1.0821 20.4755
2.7859 11.9250
-12.2322 8.7022
-12.8502 -5.3152
-13.3874 -17.4985
-1.6956 -15.4275
1.0020 -14.9497
8.2121 -15.1611
11.6882 -14.8565
19.9766 -15.0000
20.0532 -14.9999
26.9329 -14.5180
31.6395 -15.3147
43.5770 -17.3355
42.7887 -5.4795
41.8084 9.2643
28.6479 10.0213
28.4233 29.6104
32.7497 35.3855
37.6142 35.2888
41.6816 34.8576
47.8977 34.7765
50.7148 35.0256
60.6123 34.9478
62.1273 35.2289
66.8363 34.4864
71.6251 40.4645
75.4264 46.6004
90.5048 47.6337
102.4421 48.4519
100.3877 36.6771
99.6166 32.2575
99.8037 26.9719
100.0677 24.0900
100.5904 18.3852
96.5365 14.3810
90.4978 14.6913
81.6895 15.1438
76.4040 12.6636
67.6447 8.5534
66.5942 -5.4932
65.7473 -16.8166
78.0217 -15.6276
81.6250 -14.8671
88.7859 -15.0740
91.9929 -14.7994
98.9555 -15.0547
102.4310 -14.7000
111.0024 -15.6155
115.4573 -16.0914
116.0204 -2.9847
125.1537 -3.7472
133.5760 -15.6613
139.0345 -15.1274
141.5100 -14.8853
146.9764 -14.5319
153.7445 -15.7275
164.3843 -16.7257
167.6336 -1.4597
174.3896 6.0149
184.0134 6.9900
185.3503 -4.7425
186.8260 -17.6921
200.2486 -18.1814
212.2991 -18.6207
209.7828 -7.0728
210.3647 -2.3238
210.0376 4.1331
209.6207 7.7279
209.8843 13.4830
210.3315 17.5535
209.7987 23.0039
210.3441 27.6008
210.0237 35.6881
209.6666 37.5608
210.1083 43.5324
209.9215 46.2507
209.6081 52.2281
210.1363 56.6457
209.6777 62.4815
210.5815 66.9186
212.1577 76.3154
213.9555 87.0336
195.8328 83.1227
191.9799 89.0268
177.7739 95.2509
173.7570 95.7326
171.2825 87.6783
