9.7843 72.9343
9.9999 64.9612
10.2768 62.6635
9.8867 56.5012
10.0202 54.3738
10.4270 47.8909
9.8997 43.5874
10.2473 37.2104
9.7533 32.7925
10.2239 27.1042
9.6986 22.5634
9.8379 16.7932
10.0491 14.0099
8.0157 0.9791
18.6327 2.8324
33.5316 2.6262
34.9402 15.0438
36.3255 27.2548
46.9820 25.4663
61.7003 19.4220
59.2404 11.9557
56.2311 2.8214
70.6569 1.3226
81.4586 0.2004
84.3961 16.0181
90.3966 15.8957
104.7018 16.5189
106.3739 2.7054
117.5737 5.2988
125.5078 3.3465
130.7419 5.0276
139.3740 4.9804
149.3212 4.9769
152.9262 5.4377
158.0067 4.7993
159.9172 5.0003
167.8341 5.2374
172.8972 4.5711
177.3608 5.3546
180.6894 4.1981
194.2503 3.1817
192.2255 13.4700
190.3180 23.1630
189.9988 24.8453
189.3911 31.5637
190.1569 36.5208
191.5892 45.7906
192.7476 58.1150
182.3274 55.5490
177.5429 54.2825
168.1766 51.7539
158.0062 49.0082
162.1511 31.1963
151.8608 29.2292
142.8125 26.3031
138.3692 24.8661
129.6655 27.5648
129.9990 34.8586
132.3517 48.5576
121.2611 46.8430
111.4585 45.3275
108.1853 44.8340
101.3939 44.9024
94.8469 46.4300
89.0194 44.9518
79.7066 45.0043
77.7096 44.7342
72.8947 44.5719
68.1168 45.1789
62.6743 44.6358
57.2303 46.3862
48.1647 49.3012
35.4147 53.4072
38.6118 59.9170
51.3669 70.0468
52.0949 78.8755
38.9323 79.4960
39.4294 83.9468
40.3650 92.3228
39.1877 97.2123
36.6936 107.5706
49.1983 106.4043
56.1965 105.7516
61.1854 104.7291
100.0000 100.0000
138.7964 104.7764
141.2678 105.0807
150.4615 105.5287
156.0756 105.8022
160.3222 102.4819
160.6744 98.6102
154.6565 89.9434
149.7820 82.9233
147.2010 71.9387
158.8263 73.5369
168.0028 74.7985
172.5861 76.1357
181.8017 78.8243
192.9283 82.0704
191.4997 89.7327
189.9056 96.3706
190.0839 103.7070
189.9489 106.0092
190.4343 112.0850
179.1043 119.1366
179.7511 122.7829
185.8751 126.9078
191.5383 130.3291
189.8390 143.2128
190.3786 147.7257
190.0699 153.8195
189.7893 157.0418
190.2854 162.6280
189.9973 164.7684
190.0527 173.9750
188.5132 180.2464
190.5390 188.2388
192.0294 198.9610
181.3098 197.1682
173.8714 195.9242
171.4552 194.8936
162.7155 195.3757
159.0996 194.9594
153.4231 195.6041
148.0083 194.7996
135.0480 196.3676
137.2396 186.6292
138.7790 179.7884
144.0002 174.1651
151.5129 172.6863
160.9077 170.8370
160.8227 165.1369
160.7036 157.1538
159.3704 151.5079
160.5457 143.5957
161.1351 139.6275
156.9489 134.5232
150.9474 135.0450
149.1793 134.9663
143.3563 134.4199
133.9042 147.0728
118.9190 149.5224
119.4555 153.8195
120.4722 161.9634
118.8494 167.5641
116.3360 176.2389
114.6647 184.7859
114.1212 196.9105
101.2709 195.2377
98.2235 194.8409
86.1742 197.1337
88.0628 186.4215
89.8150 176.7845
90.4798 173.1280
92.2805 163.9698
93.6896 152.7575
81.5544 154.7018
77.2042 155.3988
69.8987 155.0005
66.8946 153.9592
59.3011 151.3272
58.1253 143.7407
56.6829 134.4338
48.9139 133.4333
37.2128 131.9264
36.7004 145.2576
36.3240 155.0477
37.0396 164.4651
37.8577 175.2322
50.5348 174.5200
56.0983 174.2074
60.5313 178.2161
59.9654 184.1688
60.5696 187.0074
62.9005 197.9574
50.3693 197.3523
35.4769 196.6332
28.5226 194.8903
18.8681 196.1211
6.7921 197.6605
9.2885 187.2213
10.0441 184.0617
10.3578 177.6511
9.7790 172.9092
9.9107 166.3331
10.1393 163.3368
9.9114 154.7373
10.2597 152.7358
9.7161 147.3661
10.0629 143.8799
9.7681 137.1411
10.0588 133.9175
10.4660 128.0171
9.9240 123.7697
9.9999 114.9641
10.2856 112.6270
9.8454 106.7515
10.5099 103.2163
10.3233 97.5220
9.7744 92.8881
9.9326 86.1595
10.0254 84.4563
10.3900 77.7657
