181.4647 9.7896
175.3961 16.1228
166.1179 17.0898
168.6972 7.2889
163.4075 -7.4807
156.6226 -7.5072
150.3784 5.1861
144.8474 16.4296
137.4048 18.2792
132.3445 9.3276
129.2092 1.1025
132.1993 -8.7431
120.3495 -8.1394
106.5410 -7.4359
108.3675 3.6173
110.0631 13.8786
109.9612 15.5924
109.5735 22.1107
110.5161 26.8760
112.3300 36.0454
113.6095 47.3083
101.6290 45.2970
99.8538 44.9989
92.2699 45.2610
88.8578 44.9346
79.2694 45.0267
73.3140 45.5651
69.4265 41.6621
69.9224 36.2435
74.5574 30.0593
80.3704 22.3035
80.1475 16.7112
78.6333 9.9536
80.6516 2.4765
83.3525 -7.5293
71.2072 -5.9155
62.3000 -4.7319
57.7891 -5.8181
48.8167 -7.9786
38.4916 -9.7186
44.5725 2.7744
50.0478 14.0232
49.8725 16.5919
50.5068 21.8569
46.2339 25.7363
39.8540 25.8380
29.8388 25.9976
24.6300 26.1364
22.4512 16.6788
20.6318 8.4981
18.6242 2.2354
16.0431 -5.8162
9.0874 -6.5691
-2.9827 -7.8756
-1.4236 3.8607
0.0069 14.6286
-0.1026 15.8719
-0.6050 21.5744
0.1632 26.7992
0.0038 34.8009
-0.0041 35.1991
-0.1634 43.1995
1.3421 50.0040
-0.3350 57.2400
-2.8345 68.0246
9.7429 67.5883
23.8713 67.0982
25.3267 53.4632
39.5443 54.1698
47.0035 54.5405
50.4672 58.0209
50.0329 64.3119
49.8778 66.5587
50.0035 74.7357
49.9943 75.1986
49.8354 83.1932
51.3493 90.0164
49.9308 96.1740
49.5877 102.1580
50.2963 106.5615
51.8643 116.3055
52.8682 125.7575
53.8817 135.3000
57.0208 141.3680
60.4748 148.0448
60.2892 152.6124
53.4049 157.4830
36.3533 157.2776
29.2300 151.1520
29.9610 145.8825
31.3655 140.0444
29.9540 134.0419
30.4332 127.9113
29.8910 123.5275
30.1093 116.4745
29.4633 113.1572
27.5871 103.5225
25.7421 94.0482
21.2232 94.6227
13.4435 95.6116
9.5204 94.9885
-4.8305 93.5601
-2.7009 103.4242
-0.6381 112.9788
0.0948 116.3738
0.1289 123.3997
-0.1486 126.7178
0.0935 133.6354
-0.1528 136.7413
0.1336 143.3706
-1.2051 147.7120
-4.0562 156.9581
3.8039 162.8491
11.4626 170.2071
13.2696 177.6040
-2.2336 181.2995
-3.0818 195.4157
-3.7877 207.1637
8.4847 205.2554
12.9102 204.5672
19.3861 204.9661
21.2875 205.0832
27.3625 204.6459
31.5976 205.3468
35.8137 205.9184
42.8737 207.9846
40.4634 197.1146
37.1173 182.0245
54.9386 183.6245
61.1073 189.5739
62.8321 196.7281
65.1742 206.4427
76.6220 204.4122
81.5975 205.1284
88.1711 204.8313
91.3550 205.0922
97.8581 204.7679
101.2953 205.2233
114.1072 206.9207
114.3447 194.8884
114.5516 184.8873
114.7864 173.5334
101.0350 174.9463
96.4399 175.6552
90.0287 175.6356
83.4540 175.6154
79.2343 171.1624
79.4982 168.0822
82.4077 161.5949
86.4068 152.6781
100.6746 151.1004
111.3890 149.9156
100.0000 100.0000
135.8234 104.0860
144.5802 106.5961
152.4518 104.6948
157.3054 104.6301
161.3559 110.0278
160.0889 123.6698
154.8815 127.0027
147.2510 131.8865
142.5936 141.3582
139.7821 147.0761
139.9003 153.5916
140.3002 157.4318
139.6766 162.4772
140.8306 168.9902
140.2276 173.7663
139.8655 176.6349
140.0016 185.1786
139.7029 187.4193
140.1637 193.1981
139.7612 196.2764
137.5959 208.4960
148.7504 206.7968
158.5257 205.3077
160.7188 204.9741
168.3072 204.5659
171.1083 205.0616
177.4905 205.3200
182.3251 204.7260
188.4047 204.8719
191.4969 205.3499
203.6910 207.2414
204.6916 194.7879
205.3593 185.2419
206.0923 174.7632
206.7176 164.4459
202.2118 164.7523
193.8929 170.5682
186.8032 175.5247
182.1222 174.7722
178.4896 175.2619
166.2148 177.1657
167.1857 165.6034
168.4694 150.3170
174.0513 144.1426
178.8758 144.9086
181.3083 145.2344
185.9510 145.8564
193.3417 142.6117
201.7175 139.3964
201.9884 130.9846
194.5098 128.6993
188.7249 120.1137
187.3565 111.7736
202.0957 108.8745
199.9938 95.3534
200.8029 92.4430
203.2995 82.4232
191.3873 84.2163
175.4494 86.6153
174.6800 83.4674
166.1850 72.8579
152.8306 78.0286
145.9039 76.9288
143.4847 66.8817
140.8700 57.5613
139.7510 52.7825
137.4351 41.6873
149.2057 43.2197
158.5053 44.6589
161.1064 45.0614
167.6313 44.7154
171.2487 45.0783
178.2345 44.8429
181.7230 50.2956
186.0241 57.0181
202.7156 58.1489
201.4709 45.8642
200.1807 36.3285
199.6424 32.3496
199.9790 25.4896
200.0274 24.5032
200.7418 14.3486
201.4531 4.2389
202.5703 -8.3068
186.0839 -7.0636
