Decoded TSP tour:
170 65 10 175.927 57.0026
170 55 10 175.927 57.0026
180 65 10 183.033 57.8261
180 55 10 183.033 57.8261
190 55 10 183.033 57.8261
190 65 10 183.033 57.8261
180 45 10 181.762 45.8764
190 45 10 181.762 45.8764
180 35 10 181.251 35.4277
190 35 10 181.251 35.4277
170 35 10 179.988 34.5117
180 25 10 180.763 25.4515
190 25 10 180.763 25.4515
180 15 10 184.64 13.442
180 5 10 184.64 13.442
190 15 10 184.64 13.442
190 5 10 184.64 13.442
170 15 10 171.283 14.2834
170 5 10 171.283 14.2834
170 25 10 171.189 15.0709
160 15 10 161.387 12.484
160 5 10 161.387 12.484
160 25 10 157.843 15.2355
150 5 10 149.814 14.9983
150 15 10 148.837 15.0679
150 25 10 148.837 15.0679
140 15 10 139.897 15.0005
140 25 10 139.897 15.0005
140 5 10 139.897 14.9995
130 15 10 129.998 14.9349
130 5 10 129.998 14.9349
130 25 10 129.998 15
120 15 10 118.786 14.1627
120 5 10 118.786 14.1627
110 5 10 116.921 12.218
120 25 10 113.775 21.5411
110 15 10 113.775 21.5411
110 25 10 103.267 27.6065
110 35 10 103.267 27.6065
100 25 10 100.933 25.0436
100 35 10 100.933 25.0436
100 15 10 96.3349 14.3041
100 5 10 96.3349 14.3041
90 15 10 90.041 14.3318
90 5 10 90.041 14.3318
70 5 10 76.6961 12.4272
80 5 10 78.4591 14.3827
80 15 10 78.4591 14.3827
70 15 10 78.4591 14.3827
70 25 10 79.7928 23.5798
80 25 10 80.4096 27.8327
90 25 10 80.4096 27.8327
80 35 10 82.9019 37.9561
90 35 10 82.9019 37.9561
90 45 10 82.9019 37.9561
70 35 10 77.3231 41.8097
80 45 10 75.2214 46.2156
80 55 10 75.2214 46.2156
70 45 10 66.1153 47.0878
60 45 10 66.1153 47.0878
70 55 10 66.1153 47.0878
60 55 10 66.1153 47.0878
50 55 10 55.5523 46.6831
60 35 10 50.1304 36.4164
50 45 10 50.1304 36.4164
50 35 10 50.1304 36.4164
40 35 10 49.9993 34.8855
50 25 10 50 25.0216
40 25 10 50 25.0216
60 25 10 50.0619 24.2263
60 15 10 50.8545 14.0448
50 15 10 50.8545 14.0448
50 5 10 50.8545 14.0448
60 5 10 52.8899 12.0318
40 15 10 39.7175 14.9885
40 5 10 39.7175 14.9885
30 15 10 30.3771 14.3635
30 5 10 30.3771 14.3635
10 15 10 15.4772 13.3666
20 5 10 15.4772 13.3666
20 15 10 15.4772 13.3666
10 5 10 15.4772 13.3666
20 25 10 18.5424 21.9492
10 25 10 18.5424 21.9492
30 25 10 20.0624 26.1156
10 35 10 19.9999 35.0359
30 35 10 20.0001 35.0363
20 45 10 20.0202 40.6359
20 35 10 20.0202 40.6359
10 45 10 19.1682 41.007
30 55 10 24.0867 49.4475
20 55 10 24.0867 49.4475
30 45 10 24.0867 49.4475
40 55 10 31.847 50.7903
40 45 10 31.847 50.7903
10 65 10 16.4676 62.6269
10 55 10 16.4676 62.6269
20 65 10 16.4857 65.0264
10 75 10 16.4505 75.0227
20 95 10 16.4071 87.3222
20 85 10 16.4071 87.3222
10 85 10 16.4071 87.3222
10 95 10 16.4071 87.3222
30 85 10 26.001 81.5782
20 75 10 26.001 81.5782
30 75 10 26.001 81.5782
30 65 10 34.4566 73.952
40 85 10 39.1329 75.0377
40 75 10 43.7682 73.1415
40 65 10 43.7682 73.1415
50 65 10 51.2558 69.8517
60 65 10 51.2558 69.8517
50 75 10 50.9683 74.1513
60 75 10 50.9683 74.1513
50 85 10 50.1083 84.1491
60 85 10 50.1083 84.1491
50 95 10 50.6508 95.9454
60 95 10 50.6508 95.9454
60 105 10 52.8167 98.043
50 105 10 42.4763 103.413
40 95 10 42.4763 103.413
40 105 10 42.4763 103.413
30 105 10 34.1021 104.12
30 95 10 34.1021 104.12
20 105 10 16.5878 112.523
10 115 10 16.5878 112.523
10 105 10 16.5878 112.523
10 125 10 15.3423 116.547
20 115 10 23.6059 116.959
20 125 10 23.6059 116.959
30 115 10 31.7499 119.596
40 115 10 31.7499 119.596
30 125 10 31.7499 119.596
50 125 10 47.2459 124.613
40 125 10 47.2459 124.613
50 115 10 47.2459 124.613
60 125 10 52.5169 121.633
60 115 10 52.5169 121.633
50 135 10 52.5258 139.281
60 135 10 52.5258 139.281
70 145 10 60.0624 146.116
50 145 10 54.3362 146.759
60 145 10 54.3362 146.759
50 155 10 54.3362 146.759
60 155 10 54.3362 146.759
40 155 10 41.1817 145.176
40 145 10 39.6728 144.995
40 135 10 39.6728 144.995
30 145 10 29.8413 144.71
30 135 10 29.8413 144.71
10 135 10 16.4657 142.629
20 145 10 18.0672 144.518
20 135 10 18.0672 144.518
10 145 10 18.0672 144.518
10 155 10 19.6469 153.256
20 155 10 20.0025 155.223
30 155 10 20.0025 155.223
30 165 10 20.0026 164.771
20 165 10 19.7798 164.927
10 165 10 19.7798 164.927
30 175 10 20.0973 173.609
20 175 10 18.2025 176.153
10 175 10 18.2025 176.153
20 185 10 16.6088 187.495
20 195 10 16.6088 187.495
10 185 10 16.6088 187.495
10 195 10 16.6088 187.495
30 195 10 28.7022 185.791
30 185 10 29.8676 185.953
40 185 10 43.073 187.788
40 195 10 43.073 187.788
50 195 10 43.073 187.788
40 175 10 47.6431 171.448
50 165 10 47.6431 171.448
40 165 10 47.6431 171.448
50 175 10 56.0669 174.194
60 165 10 56.0669 174.194
60 175 10 56.2733 178.712
50 185 10 56.2733 178.712
60 185 10 63.2134 181.68
70 175 10 63.2134 181.68
60 195 10 65.0962 186.396
70 185 10 70.2448 185.845
70 195 10 70.2448 185.845
80 185 10 80.2377 186.112
80 195 10 80.2377 186.112
90 195 10 82.6054 188.268
90 185 10 83.5345 183.688
90 175 10 85.0654 176.142
80 175 10 85.0654 176.142
80 165 10 80 165.022
70 165 10 80 165.022
70 155 10 79.0872 159.174
80 155 10 82.9301 158.643
90 165 10 82.9301 158.643
90 145 10 85.3021 153.479
90 155 10 85.3021 153.479
80 145 10 85.3021 153.479
100 145 10 98.8874 154.938
100 165 10 100.295 155.004
100 155 10 103.73 155.081
110 155 10 103.73 155.081
110 145 10 112.219 152.604
120 145 10 121.312 149.952
120 155 10 121.312 149.952
130 145 10 121.312 149.952
130 155 10 121.001 154.367
120 165 10 120.466 161.983
130 165 10 120.466 161.983
110 165 10 114.254 171.073
120 175 10 114.254 171.073
110 175 10 109.556 177.946
100 175 10 109.556 177.946
110 195 10 107.687 188.604
100 185 10 107.687 188.604
110 185 10 107.687 188.604
100 195 10 107.687 188.604
120 185 10 118.846 185.701
120 195 10 118.846 185.701
130 185 10 129.948 185
130 175 10 129.948 185
130 195 10 133.441 187.452
140 195 10 133.441 187.452
140 165 10 142.618 174.651
150 175 10 143.859 179.225
140 175 10 143.859 179.225
140 185 10 143.859 179.225
150 185 10 149.998 185
150 195 10 149.998 185
160 195 10 156.927 185.484
170 175 10 162.727 180.89
160 185 10 162.727 180.89
160 175 10 162.727 180.89
170 195 10 172.869 185.42
180 185 10 177.597 185.343
170 185 10 177.597 185.343
180 195 10 184.396 186.718
190 185 10 184.396 186.718
190 195 10 184.396 186.718
190 175 10 182.302 176.592
180 175 10 180.966 170.133
180 165 10 180.966 170.133
190 165 10 181.084 164.801
190 155 10 181.304 154.938
180 155 10 181.304 154.938
180 145 10 183.415 152.526
190 145 10 183.415 152.526
170 155 10 171.666 154.571
170 145 10 171.666 154.571
170 165 10 169.349 155.021
160 155 10 161.998 155.202
160 165 10 161.998 155.202
150 155 10 155.873 156.906
150 165 10 155.873 156.906
160 145 10 152.859 152.001
140 155 10 148.581 149.865
140 145 10 149.232 145.94
150 145 10 149.232 145.94
150 135 10 148.668 139.987
140 135 10 148.668 139.987
160 135 10 156.919 127.22
150 125 10 156.919 127.22
160 125 10 156.919 127.22
160 115 10 162.153 124.766
170 115 10 167.587 124.704
180 135 10 177.361 128.547
170 125 10 177.361 128.547
170 135 10 177.361 128.547
190 135 10 181.116 130.41
180 125 10 180.187 123.077
190 125 10 180.187 123.077
180 115 10 180.013 115.013
190 115 10 180.013 115.013
190 105 10 180 105.013
180 105 10 180 105.002
170 105 10 180 105.002
170 95 10 179.999 95.1509
180 95 10 180.153 94.8522
190 95 10 180.153 94.8522
180 85 10 182.484 83.4619
190 85 10 182.484 83.4619
180 75 10 183.359 82.4766
190 75 10 183.359 82.4766
170 85 10 174.079 83.2507
170 75 10 174.079 83.2507
160 85 10 159.046 80.7625
160 75 10 159.046 80.7625
150 75 10 149.113 79.1183
140 75 10 149.113 79.1183
150 85 10 148.941 85.2496
140 85 10 148.941 85.2496
150 95 10 150.043 95.9307
160 95 10 150.043 95.9307
150 105 10 150.497 101.888
160 105 10 150.497 101.888
140 95 10 146.146 102.889
140 115 10 140.083 110
140 105 10 140.083 110
150 115 10 140.055 115
140 125 10 140.055 115
100 100 0 100 100
90 55 10 99.9796 55.6378
100 55 10 102.906 54.5235
100 45 10 102.906 54.5235
110 45 10 109.695 52.4518
110 55 10 109.695 52.4518
120 45 10 117.236 48.9861
120 55 10 117.236 48.9861
120 35 10 123.089 44.511
130 45 10 130.673 44.622
130 35 10 130.673 44.622
140 35 10 133.194 42.3266
140 45 10 135.054 48.691
130 55 10 135.054 48.691
150 55 10 144.583 56.5944
140 65 10 144.583 56.5944
140 55 10 144.583 56.5944
150 65 10 144.583 56.5944
150 35 10 155.867 43.098
150 45 10 156.885 44.5023
160 35 10 156.885 44.5023
170 45 10 164.688 51.1668
160 55 10 164.688 51.1668
160 45 10 164.688 51.1668
160 65 10 164.608 56.1251
Total tour distance: 1413.62
