49.8526 136.7109
50.3792 142.2723
49.7640 146.4410
47.5703 158.4662
58.7029 156.7218
68.5520 155.2578
72.5995 154.6562
77.6928 155.2698
82.4829 154.6869
88.7517 154.9218
90.7066 155.0607
97.5910 155.5501
102.3870 154.7109
108.6073 154.9025
111.8671 155.1758
117.5844 154.7039
119.7827 155.0024
126.7676 155.5368
131.0286 154.9470
138.1604 154.8293
142.4786 156.0214
152.2245 158.7117
151.6914 145.3310
150.3162 136.5097
149.7048 132.5883
150.2819 127.3576
149.5873 122.1570
149.9997 114.9264
150.4069 112.1766
150.0445 105.5439
149.9877 104.5048
149.6805 97.5077
150.0421 94.0834
149.6735 87.5343
150.1229 83.4370
149.9981 74.8033
150.2811 72.6455
149.7931 67.0236
150.2829 63.6070
151.7609 53.2968
153.9044 42.9274
142.4354 44.6989
135.3103 46.5265
129.0859 44.9581
122.6807 45.3660
120.5374 44.9856
112.8764 44.5774
107.6040 45.2913
102.2918 44.7338
98.1474 45.5480
90.6805 45.0232
87.9114 44.7795
81.5556 45.1217
78.0851 44.4160
70.7295 44.9550
68.4358 45.1231
61.3036 45.0853
58.6780 44.7285
45.9935 43.0048
47.8964 53.5790
49.6514 63.3312
50.3850 67.7482
50.1218 73.4438
49.7204 76.3449
47.9742 88.9657
58.8625 91.2750
100.0000 100.0000
58.6513 108.1954
48.5422 110.1991
49.5794 122.1304
51.1967 129.7436
50.5349 133.1740
