158.6445 59.4680
142.8896 74.1249
112.5114 74.6765
111.0175 73.0235
110.5156 58.9927
109.9077 42.0012
109.4539 28.5250
107.1630 26.1172
27.9400 26.0443
26.5108 27.1569
41.5912 42.3988
58.3823 59.5941
75.1215 76.8478
91.0048 93.2194
76.0405 108.0002
58.9783 108.8224
41.9861 109.6413
28.0003 110.9998
26.2234 112.6764
26.1003 193.1226
41.4223 177.4450
58.2533 160.2736
75.0740 143.0953
91.0030 126.8277
94.0813 112.8884
95.9170 111.0609
110.0000 110.0000
111.5372 94.7579
124.4457 94.2983
125.4594 95.0936
125.4801 110.0008
125.5006 124.8193
123.3874 126.5433
113.6911 127.3728
111.4856 129.2090
111.2523 144.0075
110.9843 161.0099
110.5453 178.0064
110.1589 191.1242
113.1387 194.1079
192.4330 193.7092
193.3726 193.1059
178.6398 177.4223
163.7046 161.4681
160.8486 158.3722
147.5258 143.7808
144.2813 140.2273
145.0030 112.9959
147.4389 110.6296
161.0015 110.0916
177.9884 109.4176
192.4690 108.6879
194.0056 106.9926
195.0281 29.0210
193.2930 26.6996
177.6089 41.5575
161.7088 56.5740
