99.8646 82.9969
105.7223 83.9793
109.0716 85.5322
114.5725 89.6621
106.6768 91.3099
101.9241 92.3017
100.0000 100.0000
109.0623 99.5692
110.1872 100.5169
117.4220 101.5343
114.6605 108.7144
113.5644 110.3472
108.3969 109.7964
106.4405 110.9098
107.4174 115.7941
101.2840 117.2887
98.7315 112.7186
96.3820 112.1407
93.2189 115.7430
91.8983 114.9975
85.4936 109.8789
90.0713 106.4912
89.5017 103.6304
88.5323 98.7619
82.5059 98.3506
85.3339 91.3020
86.4323 89.6556
91.6006 90.2050
93.5532 89.0990
92.5596 84.2443
93.4818 84.0868
