Decoded TSP tour:
100 110 3 99.6746 107.018
104 109.165 3 102.962 106.351
107 107.141 3 104.762 105.143
109.4 103.412 3 106.644 102.227
110 100 3 107 99.9976
109.4 96.5883 3 106.648 97.7823
107 92.8586 3 104.771 94.8664
104 90.8348 3 102.909 93.6296
100 90 3 99.9977 93
96 90.8348 3 97.0853 93.6316
93 92.8586 3 95.2547 94.8375
90.6 96.5883 3 93.081 98.1947
90 100 3 91.5464 100.565
90.6 103.412 3 91.5464 100.565
100 100 0 100 100
96 109.165 3 95.9998 107.111
93 107.141 3 95.9998 107.111
Total tour distance: 54.4777
