117.0236 100.3756
112.4580 98.2801
111.2050 95.7087
109.9809 93.1967
114.5148 90.0197
109.9989 81.1851
113.0906 73.2731
115.8937 66.0993
117.4307 67.1332
120.8042 69.4028
126.5942 74.2422
129.3260 77.2937
131.0101 79.1748
127.4930 82.4820
135.0466 88.0315
135.7152 90.0646
136.4107 92.1794
137.7494 98.0163
132.0802 97.5941
132.2889 99.7816
132.6859 103.9412
136.1155 108.1330
135.5719 110.1983
134.8674 112.3802
128.7678 116.1240
127.4750 117.6998
131.0069 120.8685
129.3461 122.7070
126.6128 125.7330
121.0520 130.4445
117.4369 132.7825
115.7338 133.8839
112.4255 127.2681
108.8332 120.0843
102.3272 121.8932
102.3666 129.9885
102.4020 137.2605
100.2037 137.1058
95.8840 136.8017
86.6160 134.7481
86.1058 129.8219
84.5109 128.9406
81.3978 132.2259
78.7323 130.3367
73.3983 125.7477
70.6415 122.7095
68.9948 120.8946
73.5005 117.3655
64.1225 110.9853
63.4905 107.9058
62.3565 101.8566
68.8494 101.6061
71.8439 98.3402
78.2569 97.5584
81.5689 88.0003
76.8410 85.6673
62.8414 89.2755
68.1637 81.0067
70.7930 77.2819
73.4377 74.1987
78.0650 69.8744
83.2384 71.5909
85.4287 70.9590
83.5659 66.3550
85.2037 65.9465
96.2573 63.1895
101.8274 62.2692
99.7477 69.9315
97.4389 78.4377
92.9124 83.3991
94.3722 90.1908
101.3491 92.2395
100.0000 100.0000
92.3290 99.0399
90.2483 105.9465
85.4740 109.2887
86.4357 110.3473
90.9937 114.4899
93.1335 115.7380
96.9919 111.9964
100.2541 111.4075
104.2741 110.6803
107.6611 110.0677
113.4692 110.4311
114.6481 108.7515
112.3356 104.0299
