117.8164 97.9428
111.2710 98.9333
108.0605 102.0174
105.2984 104.6707
102.7384 106.4433
100.0053 107.0000
97.2930 106.4581
95.1846 105.0853
93.4689 102.5346
92.9323 99.3664
92.8217 98.6042
100.0000 100.0000
95.7017 94.1628
97.1178 93.5878
100.8400 92.0967
105.7855 90.1154
109.2614 82.2665
112.3183 75.3639
101.3162 72.6959
98.3799 77.4751
93.5325 78.3126
88.7702 75.4040
87.0975 76.1641
87.2965 81.3790
82.0663 87.3491
77.5494 85.4972
76.6658 86.4094
73.2960 95.9221
72.9469 100.2384
72.7625 102.5185
78.4340 102.5588
79.5655 109.0589
76.7934 113.8726
78.6546 115.2258
83.4522 115.4503
87.1519 118.2631
85.7464 123.0751
88.1319 124.4984
93.3835 121.7104
98.1095 122.3294
101.3347 127.3132
112.3047 124.6634
109.7396 119.9574
116.7132 114.0782
118.6316 112.4608
123.2281 114.5963
126.7000 104.2468
127.0046 100.1670
126.8820 96.7970
123.2489 85.4134
118.4135 88.0761
