91.9986 84.0929
81.6962 87.4272
75.2768 84.1355
65.8175 79.2849
59.1333 75.8596
60.4245 74.1214
61.9657 72.0466
66.8640 72.8328
68.2210 71.3199
71.4724 62.6404
74.2445 60.4727
75.9535 59.1362
79.0965 64.3882
82.9015 65.6638
85.6844 71.0984
97.6148 68.1804
97.0523 60.5579
94.2424 52.6370
95.9263 52.6862
99.8966 52.8311
103.8767 52.9765
106.2493 53.0803
106.4789 58.5108
116.0517 61.0227
119.0163 61.8006
123.5536 59.1032
126.0240 60.6300
127.8288 61.7454
125.4791 66.5748
130.0801 71.4256
134.3734 75.9520
138.8803 72.4073
140.9980 76.8883
140.4681 85.4752
141.1957 89.4160
146.5949 93.1736
146.8537 96.2890
147.0001 99.9819
146.8479 103.8833
146.7450 106.5223
139.9427 108.2210
137.7003 101.9264
131.0145 98.4646
128.0949 101.6975
121.7098 102.4651
118.2524 111.4458
125.3499 114.4362
135.5007 115.4086
136.6700 119.7035
140.8692 123.8144
139.4358 125.9158
138.0544 127.9410
133.2019 127.1231
131.7648 128.7143
128.4562 137.4240
125.7599 139.5216
124.0350 140.8636
120.8703 135.5906
117.0865 134.3286
114.3226 128.9033
102.0931 132.1492
98.8928 139.0047
101.9203 141.9616
105.5352 147.6456
100.2486 147.2077
96.3630 146.8618
92.5056 146.3988
83.7129 139.7697
80.7867 138.1918
76.4142 140.8922
73.9785 139.3787
72.1721 138.2564
74.5200 133.4176
68.5471 127.1656
65.5599 124.0389
61.1394 127.5977
59.0006 123.1071
59.5267 114.5122
58.7652 110.5452
53.4370 106.9045
53.1383 103.6380
52.9997 99.9594
53.1418 96.3319
53.4315 93.1093
60.5235 89.0492
61.9667 97.7346
68.7407 98.3309
71.8568 101.6676
78.2684 102.4498
79.5299 109.2601
76.9992 114.8995
82.8712 115.1586
85.8721 123.1103
87.9012 124.4971
90.9822 120.1552
99.5475 118.1073
107.1858 116.2811
105.6535 109.8223
100.8321 107.9061
97.5742 106.6114
95.1101 105.0090
93.4563 102.4944
93.0000 99.9904
93.3521 97.7824
94.1015 95.6490
100.0000 100.0000
107.3425 101.2284
109.5027 94.5129
116.8252 89.1807
123.0223 84.6680
113.0618 76.3091
111.7735 75.4960
108.3619 80.1662
102.2977 81.9289
101.7686 88.8297
97.0296 88.0171
