200.7983
0.0000 0.0000
10.4584 15.8064
11.4258 18.0042
11.8443 18.9463
12.3188 20.0147
13.6225 21.6690
16.9092 18.8077
17.7714 18.3834
18.4136 17.2054
20.0920 17.8705
20.7654 16.4778
22.8326 16.9754
24.5210 15.8044
24.9136 14.8625
25.7492 14.9563
26.5099 15.0417
27.0148 15.4946
27.4721 15.9049
28.4426 16.4753
28.8762 16.8963
29.3030 17.4097
29.8229 18.4196
29.6081 18.6832
28.2729 18.4971
27.1379 18.3389
26.0131 17.6759
25.5270 17.6695
25.5666 18.6360
25.3694 19.2459
25.1983 19.8440
24.9310 20.7784
25.8948 21.1638
26.6062 20.7319
27.2643 20.3325
27.9433 21.0847
27.5359 22.1879
28.3423 22.4823
28.6354 22.6950
28.1120 23.9913
26.8368 24.1452
26.2408 24.2171
25.6697 23.7477
25.4837 23.5812
25.2273 23.4989
23.8566 23.0587
23.5629 23.9205
22.7219 24.4356
21.9291 24.6560
20.7600 24.9689
20.3878 25.0588
19.8964 25.1774
19.7231 24.5766
19.7222 24.0879
20.2415 23.1458
20.9673 21.8292
19.9020 21.9020
18.8445 21.9213
17.7575 21.9412
17.4960 23.1518
17.2461 24.3090
17.1614 25.1628
17.0182 26.6066
17.4649 27.1081
17.9369 27.3125
18.7435 27.6618
19.4560 27.9694
19.3795 28.7434
19.2427 30.1284
21.8902 29.0673
22.3963 28.8644
25.4637 29.4860
25.2985 27.8294
25.2447 27.2903
25.6947 26.9690
26.7675 26.9639
27.1166 26.5857
27.5848 26.0784
28.3661 25.8760
28.5681 27.3430
28.6761 28.1273
29.2624 29.7974
30.0536 29.7600
31.6396 27.0273
31.9658 26.4650
32.9458 25.9434
32.5084 24.7873
32.0180 23.4917
31.7680 22.2631
31.5118 21.0043
31.7495 20.3174
32.2994 20.3020
33.9718 21.3772
34.2218 20.5632
34.4936 19.8980
34.7573 19.2524
35.7710 18.5731
35.7803 17.4381
35.6058 16.9559
34.5108 17.5003
33.5049 17.7208
33.1015 17.8093
32.7450 17.8874
31.7392 17.3811
31.4751 16.8800
31.1535 16.5779
31.0128 15.9034
30.5729 15.5433
29.8111 14.9199
29.8059 14.6468
29.7125 14.5826
28.6948 14.2549
28.7302 13.7684
29.0444 13.4277
29.2619 13.1699
29.5355 13.0144
29.6775 12.4949
29.9819 12.5501
30.5224 12.7176
30.6257 12.9294
30.8192 13.3265
31.1784 13.3841
31.2920 13.9127
31.5435 14.1639
31.9038 14.5402
32.2678 14.9205
32.8945 15.4590
33.1551 15.2497
33.4413 14.7033
33.6782 14.2133
33.5104 13.8559
33.4686 13.7670
33.1849 13.2125
33.7210 12.7777
34.2546 12.3451
34.3900 12.4122
34.8578 12.6440
36.0059 12.8980
36.5614 12.4905
36.9330 12.2178
36.9312 10.7564
35.4292 10.8154
34.0915 9.5071
33.3545 10.7930
33.0262 11.1754
32.5850 11.6891
32.1626 11.6773
31.6647 11.6635
31.5589 11.4473
31.2097 11.0353
31.0570 10.7001
31.3340 10.0403
30.5438 9.5866
29.5948 9.0330
29.0672 9.9290
28.6261 10.6781
28.5290 11.2657
28.3064 11.7009
27.7954 11.8682
27.3973 11.9985
26.0381 11.8821
25.8195 11.7797
25.4495 11.8300
23.5289 10.2676
22.8343 10.5080
22.6853 11.0258
22.5179 11.6075
21.8347 13.6020
20.8318 12.6099
20.1966 11.9816
19.0803 13.2324
18.6368 13.3184
18.2818 13.4289
17.1892 13.2411
13.7333 14.0576
