Decoded TSP tour:
0 0 0 0 0
26.149 11.107 7.4904 21.9538 11.3126
25.895 12.123 7.4904 21.9538 11.3126
25.578 12.568 7.4904 21.9538 11.3126
25.705 12.123 7.4904 21.9538 11.3126
22.149 11.742 7.4904 21.9538 11.3126
22.022 11.361 7.4904 21.9538 11.3126
21.831 13.203 7.4904 21.9538 11.3126
26.594 11.933 7.4904 21.9538 11.3126
22.276 13.393 7.4904 21.9538 11.3126
22.085 10.853 7.4904 21.9538 11.3126
24.371 14.346 7.4904 21.9538 11.3126
22.212 10.091 7.4904 21.9538 11.3126
20.244 11.234 7.4904 21.9538 11.3126
23.482 9.52 7.4904 21.9538 11.3126
20.434 13.012 7.4904 21.9538 11.3126
24.308 15.044 7.4904 21.9538 11.3126
26.022 12.631 7.4904 21.9538 11.3126
24.371 15.235 7.4904 21.9538 11.3126
19.482 13.076 7.4904 21.9538 11.3126
25.07 11.615 7.4904 21.9538 11.3126
25.197 12.441 7.4904 21.9538 11.3126
22.149 14.282 7.4904 21.9538 11.3126
19.418 13.901 7.4904 21.9538 11.3126
33.095 12.971 7.4904 31.4834 14.7438
32.802 12.126 7.4904 31.4834 14.7438
31.957 11.541 7.4904 31.4834 14.7438
33.322 12.841 7.4904 31.4834 14.7438
33.322 13.101 7.4904 31.4834 14.7438
33.322 12.581 7.4904 31.4834 14.7438
32.412 12.353 7.4904 31.4834 14.7438
33.095 13.491 7.4904 31.4834 14.7438
33.322 13.621 7.4904 31.4834 14.7438
33.095 13.231 7.4904 31.4834 14.7438
32.69 13.52 7.4904 31.4834 14.7438
32.436 13.231 7.4904 31.4834 14.7438
33.095 13.751 7.4904 31.4834 14.7438
31.991 14.092 7.4904 31.4834 14.7438
33.095 14.271 7.4904 31.4834 14.7438
33.452 15.246 7.4904 31.4834 14.7438
33.062 15.473 7.4904 31.4834 14.7438
32.737 14.433 7.4904 31.4834 14.7438
32.867 14.661 7.4904 31.4834 14.7438
33.322 14.401 7.4904 31.4834 14.7438
33.322 12.321 7.4904 31.4834 14.7438
33.322 13.361 7.4904 31.4834 14.7438
32.607 14.661 7.4904 31.4834 14.7438
32.217 14.433 7.4904 31.4834 14.7438
32.347 14.661 7.4904 31.4834 14.7438
31.047 14.661 7.4904 31.4834 14.7438
31.307 14.661 7.4904 31.4834 14.7438
31.177 14.433 7.4904 31.4834 14.7438
29.975 13.621 7.4904 31.4834 14.7438
30.787 13.686 7.4904 31.4834 14.7438
30.202 14.011 7.4904 31.4834 14.7438
32.372 14.092 7.4904 31.4834 14.7438
32.835 14.173 7.4904 31.4834 14.7438
32.022 15.473 7.4904 31.4834 14.7438
31.697 14.433 7.4904 31.4834 14.7438
31.61 13.901 7.4904 31.4834 14.7438
31.015 12.516 7.4904 31.4834 14.7438
30.594 9.52 7.4904 31.4834 14.7438
33.095 14.011 7.4904 31.4834 14.7438
32.932 15.246 7.4904 31.4834 14.7438
33.322 14.141 7.4904 31.4834 14.7438
33.907 14.336 7.4904 31.4834 14.7438
34.135 14.466 7.4904 31.4834 14.7438
34.135 14.726 7.4904 31.4834 14.7438
33.907 14.791 7.4904 31.4834 14.7438
32.347 11.313 7.4904 31.4834 14.7438
32.217 11.541 7.4904 31.4834 14.7438
31.502 15.473 7.4904 31.4834 14.7438
31.762 15.473 7.4904 31.4834 14.7438
31.632 15.246 7.4904 31.4834 14.7438
31.827 11.313 7.4904 31.4834 14.7438
31.567 11.313 7.4904 31.4834 14.7438
32.477 11.541 7.4904 31.4834 14.7438
29.261 11.425 7.4904 31.4834 14.7438
29.388 11.804 7.4904 31.4834 14.7438
29.975 12.061 7.4904 31.4834 14.7438
30.34 10.917 7.4904 31.4834 14.7438
30.527 11.313 7.4904 31.4834 14.7438
30.912 9.901 7.4904 31.4834 14.7438
30.657 11.541 7.4904 31.4834 14.7438
29.975 11.801 7.4904 31.4834 14.7438
30.202 11.996 7.4904 31.4834 14.7438
29.975 12.321 7.4904 31.4834 14.7438
30.202 12.451 7.4904 31.4834 14.7438
29.975 12.581 7.4904 31.4834 14.7438
29.975 12.841 7.4904 31.4834 14.7438
30.202 13.231 7.4904 31.4834 14.7438
30.787 13.166 7.4904 31.4834 14.7438
30.787 13.426 7.4904 31.4834 14.7438
29.975 13.101 7.4904 31.4834 14.7438
29.975 13.361 7.4904 31.4834 14.7438
30.202 12.971 7.4904 31.4834 14.7438
31.015 13.556 7.4904 31.4834 14.7438
31.015 14.076 7.4904 31.4834 14.7438
30.787 12.646 7.4904 31.4834 14.7438
31.015 13.296 7.4904 31.4834 14.7438
31.015 13.036 7.4904 31.4834 14.7438
30.787 12.906 7.4904 31.4834 14.7438
31.399 13.754 7.4904 31.4834 14.7438
31.015 12.776 7.4904 31.4834 14.7438
30.787 12.386 7.4904 31.4834 14.7438
31.372 12.353 7.4904 31.4834 14.7438
31.242 12.126 7.4904 31.4834 14.7438
30.982 12.126 7.4904 31.4834 14.7438
31.547 13.203 7.4904 31.4834 14.7438
31.737 12.885 7.4904 31.4834 14.7438
31.275 12.613 7.4904 31.4834 14.7438
31.502 12.126 7.4904 31.4834 14.7438
30.787 14.466 7.4904 31.4834 14.7438
30.658 9.71 7.4904 31.4834 14.7438
36.436 17.076 7.4904 31.4834 14.7438
30.721 9.329 7.4904 31.4834 14.7438
34.595 11.996 7.4904 31.4834 14.7438
33.907 11.996 7.4904 31.4834 14.7438
35.547 11.234 7.4904 31.4834 14.7438
29.578 13.203 7.4904 31.4834 14.7438
34.976 10.282 7.4904 31.4834 14.7438
35.103 10.155 7.4904 31.4834 14.7438
28.626 11.234 7.4904 31.4834 14.7438
28.753 10.79 7.4904 31.4834 14.7438
29.007 10.282 7.4904 31.4834 14.7438
34.135 11.866 7.4904 31.4834 14.7438
36.119 13.139 7.4904 31.4834 14.7438
30.658 10.98 7.4904 31.4834 14.7438
34.135 13.686 7.4904 31.4834 14.7438
34.785 12.504 7.4904 31.4834 14.7438
35.674 11.044 7.4904 31.4834 14.7438
35.992 13.647 7.4904 31.4834 14.7438
33.388 17.584 7.4904 31.4834 14.7438
27.927 10.409 7.4904 31.4834 14.7438
32.944 15.933 7.4904 31.4834 14.7438
32.867 11.313 7.4904 31.4834 14.7438
34.722 18.219 7.4904 31.4834 14.7438
32.607 11.313 7.4904 31.4834 14.7438
33.515 18.219 7.4904 31.4834 14.7438
34.722 11.742 7.4904 31.4834 14.7438
35.42 12.949 7.4904 31.4834 14.7438
33.582 15.473 7.4904 31.4834 14.7438
32.182 10.98 7.4904 31.4834 14.7438
35.992 16.314 7.4904 31.4834 14.7438
33.96 10.536 7.4904 31.4834 14.7438
37.452 12.758 7.4904 31.4834 14.7438
34.087 8.758 7.4904 31.4834 14.7438
34.135 13.426 7.4904 31.4834 14.7438
34.849 11.996 7.4904 31.4834 14.7438
35.484 11.425 7.4904 31.4834 14.7438
37.452 10.218 7.4904 31.4834 14.7438
33.769 15.679 7.4904 31.4834 14.7438
33.907 13.036 7.4904 31.4834 14.7438
28.626 10.091 7.4904 31.4834 14.7438
33.907 13.556 7.4904 31.4834 14.7438
34.849 13.393 7.4904 31.4834 14.7438
34.595 9.202 7.4904 31.4834 14.7438
29.197 12.441 7.4904 31.4834 14.7438
34.135 14.986 7.4904 31.4834 14.7438
31.957 14.433 7.4904 31.4834 14.7438
33.062 12.126 7.4904 31.4834 14.7438
34.087 11.615 7.4904 31.4834 14.7438
33.071 16.187 7.4904 31.4834 14.7438
33.96 11.234 7.4904 31.4834 14.7438
31.437 11.541 7.4904 31.4834 14.7438
36.436 18.918 7.4904 31.4834 14.7438
29.388 8.313 7.4904 31.4834 14.7438
35.166 10.726 7.4904 31.4834 14.7438
35.293 11.552 7.4904 31.4834 14.7438
34.135 13.166 7.4904 31.4834 14.7438
28.372 10.218 7.4904 31.4834 14.7438
33.127 14.661 7.4904 31.4834 14.7438
30.202 12.711 7.4904 31.4834 14.7438
32.835 12.613 7.4904 31.4834 14.7438
31.892 15.246 7.4904 31.4834 14.7438
32.477 14.433 7.4904 31.4834 14.7438
29.451 10.155 7.4904 31.4834 14.7438
32.087 11.313 7.4904 31.4834 14.7438
33.642 18.346 7.4904 31.4834 14.7438
31.307 11.313 7.4904 31.4834 14.7438
34.135 13.946 7.4904 31.4834 14.7438
32.282 15.473 7.4904 31.4834 14.7438
32.542 15.473 7.4904 31.4834 14.7438
32.152 15.246 7.4904 31.4834 14.7438
32.672 15.246 7.4904 31.4834 14.7438
32.087 14.661 7.4904 31.4834 14.7438
32.412 15.246 7.4904 31.4834 14.7438
32.802 15.473 7.4904 31.4834 14.7438
31.437 14.433 7.4904 31.4834 14.7438
32.542 12.126 7.4904 31.4834 14.7438
31.827 14.661 7.4904 31.4834 14.7438
31.567 14.661 7.4904 31.4834 14.7438
31.372 15.246 7.4904 31.4834 14.7438
34.087 18.918 7.4904 31.4834 14.7438
31.177 11.541 7.4904 31.4834 14.7438
34.135 14.206 7.4904 31.4834 14.7438
33.907 13.296 7.4904 31.4834 14.7438
32.944 10.536 7.4904 31.4834 14.7438
32.932 12.353 7.4904 31.4834 14.7438
32.672 12.353 7.4904 31.4834 14.7438
33.387 11.313 7.4904 31.4834 14.7438
33.907 13.816 7.4904 31.4834 14.7438
32.182 16.632 7.4904 31.4834 14.7438
33.642 10.155 7.4904 31.4834 14.7438
33.833 10.282 7.4904 31.4834 14.7438
33.515 18.029 7.4904 31.4834 14.7438
33.647 11.313 7.4904 31.4834 14.7438
33.452 11.541 7.4904 31.4834 14.7438
33.907 14.076 7.4904 31.4834 14.7438
33.127 11.313 7.4904 31.4834 14.7438
31.015 13.816 7.4904 31.4834 14.7438
32.997 11.541 7.4904 31.4834 14.7438
33.095 12.711 7.4904 31.4834 14.7438
33.322 15.473 7.4904 31.4834 14.7438
32.282 12.126 7.4904 31.4834 14.7438
32.152 12.353 7.4904 31.4834 14.7438
31.632 12.353 7.4904 31.4834 14.7438
31.892 12.353 7.4904 31.4834 14.7438
32.022 12.126 7.4904 31.4834 14.7438
31.762 12.126 7.4904 31.4834 14.7438
31.697 11.541 7.4904 31.4834 14.7438
31.275 14.173 7.4904 31.4834 14.7438
32.055 9.837 7.4904 31.4834 14.7438
34.135 12.646 7.4904 31.4834 14.7438
34.135 12.126 7.4904 31.4834 14.7438
34.135 12.386 7.4904 31.4834 14.7438
33.907 12.516 7.4904 31.4834 14.7438
33.907 12.776 7.4904 31.4834 14.7438
34.135 12.906 7.4904 31.4834 14.7438
33.322 13.881 7.4904 31.4834 14.7438
34.404 14.028 7.4904 31.4834 14.7438
36.944 13.012 7.4904 31.4834 14.7438
30.34 9.647 7.4904 31.4834 14.7438
30.202 13.491 7.4904 31.4834 14.7438
34.595 18.791 7.4904 31.4834 14.7438
32.737 11.541 7.4904 31.4834 14.7438
30.787 11.313 7.4904 31.4834 14.7438
31.047 11.313 7.4904 31.4834 14.7438
30.202 13.751 7.4904 31.4834 14.7438
30.787 13.946 7.4904 31.4834 14.7438
30.787 14.206 7.4904 31.4834 14.7438
30.982 15.473 7.4904 30.5365 15.4618
31.242 15.473 7.4904 30.5365 15.4618
30.202 14.271 7.4904 30.5365 15.4618
29.975 14.401 7.4904 30.5365 15.4618
31.112 15.246 7.4904 30.5365 15.4618
30.657 15.246 7.4904 30.5365 15.4618
29.705 13.393 7.4904 30.5365 15.4618
29.975 13.881 7.4904 30.5365 15.4618
33.96 19.68 7.4904 30.5365 15.4618
34.468 20.442 7.4904 30.5365 15.4618
30.202 14.791 7.4904 30.5365 15.4618
33.515 20.315 7.4904 30.5365 15.4618
32.372 18.537 7.4904 30.5365 15.4618
28.816 12.568 7.4904 30.5365 15.4618
31.293 15.806 7.4904 30.5365 15.4618
34.341 21.013 7.4904 30.5365 15.4618
31.991 17.203 7.4904 30.5365 15.4618
29.388 13.838 7.4904 30.5365 15.4618
32.69 18.346 7.4904 30.5365 15.4618
31.991 16.632 7.4904 30.5365 15.4618
29.975 14.141 7.4904 30.5365 15.4618
33.071 18.346 7.4904 30.5365 15.4618
29.975 14.661 7.4904 30.5365 15.4618
31.483 16.822 7.4904 30.5365 15.4618
30.722 15.473 7.4904 30.5365 15.4618
31.356 16.06 7.4904 30.5365 15.4618
32.817 17.775 7.4904 30.5365 15.4618
29.007 12.949 7.4904 30.5365 15.4618
29.197 13.52 7.4904 30.5365 15.4618
29.134 13.33 7.4904 30.5365 15.4618
28.816 12.25 7.4904 30.5365 15.4618
33.261 18.537 7.4904 30.5365 15.4618
29.515 14.028 7.4904 30.5365 15.4618
30.462 15.473 7.4904 30.5365 15.4618
31.356 16.251 7.4904 30.5365 15.4618
32.944 17.965 7.4904 30.5365 15.4618
28.245 14.854 7.4904 30.2932 15.6098
30.785 16.251 7.4904 30.2932 15.6098
30.15 16.06 7.4904 30.2932 15.6098
29.642 15.108 7.4904 30.2932 15.6098
30.594 17.076 7.4904 30.2932 15.6098
29.324 15.489 7.4904 30.2932 15.6098
28.372 14.663 7.4904 30.2932 15.6098
27.991 13.647 7.4904 30.2932 15.6098
28.372 13.52 7.4904 30.2932 15.6098
28.753 13.838 7.4904 30.2932 15.6098
29.007 14.409 7.4904 30.2932 15.6098
29.975 14.921 7.4904 30.2932 15.6098
30.975 17.076 7.4904 30.2932 15.6098
27.673 12.695 7.4904 30.2932 15.6098
31.102 17.775 7.4904 30.2932 15.6098
31.61 17.775 7.4904 30.2932 15.6098
28.499 12.949 7.4904 30.2932 15.6098
28.181 12.441 7.4904 30.2932 15.6098
28.753 13.457 7.4904 30.2932 15.6098
30.594 16.251 7.4904 30.2932 15.6098
28.753 12.949 7.4904 30.2932 15.6098
27.419 11.298 7.4904 30.2932 15.6098
30.785 16.949 7.4904 30.2932 15.6098
27.927 12.568 7.4904 30.2932 15.6098
26.149 19.045 7.4904 28.689 17.1468
30.023 17.203 7.4904 28.689 17.1468
29.959 17.584 7.4904 28.689 17.1468
27.737 16.251 7.4904 28.689 17.1468
27.292 16.632 7.4904 28.689 17.1468
28.054 17.013 7.4904 28.689 17.1468
28.308 15.933 7.4904 28.689 17.1468
26.721 18.283 7.4904 28.689 17.1468
27.102 18.664 7.4904 28.689 17.1468
27.356 18.473 7.4904 28.689 17.1468
24.308 16.441 7.4904 28.689 17.1468
25.895 18.918 7.4904 28.689 17.1468
24.244 15.997 7.4904 28.689 17.1468
25.832 14.219 7.4904 28.689 17.1468
25.832 16.949 7.4904 28.689 17.1468
27.864 18.854 7.4904 28.689 17.1468
32.309 19.553 7.4904 28.689 17.1468
27.229 15.362 7.4904 28.689 17.1468
28.689 18.156 7.4904 28.689 17.1468
29.515 16.505 7.4904 28.689 17.1468
31.356 19.68 7.4904 28.689 17.1468
30.531 18.664 7.4904 28.689 17.1468
29.578 18.791 7.4904 28.689 17.1468
26.149 15.679 7.4904 28.689 17.1468
29.642 17.076 7.4904 28.689 17.1468
26.594 18.854 7.4904 28.689 17.1468
26.911 14.409 7.4904 28.689 17.1468
29.705 19.426 7.4904 28.689 17.1468
28.118 18.092 7.4904 28.689 17.1468
27.229 19.616 7.4904 28.689 17.1468
25.07 16.314 7.4904 28.689 17.1468
27.483 19.616 7.4904 28.689 17.1468
29.134 16.187 7.4904 28.689 17.1468
29.261 19.172 7.4904 28.689 17.1468
25.451 17.965 7.4904 28.689 17.1468
27.737 18.664 7.4904 28.689 17.1468
25.07 17.076 7.4904 28.689 17.1468
26.34 17.203 7.4904 28.689 17.1468
27.419 15.044 7.4904 28.689 17.1468
26.086 14.663 7.4904 28.689 17.1468
28.943 16.886 7.4904 28.689 17.1468
24.943 18.346 7.4904 28.689 17.1468
29.261 23.045 7.4904 27.0186 22.7218
29.134 22.537 7.4904 27.0186 22.7218
29.261 22.283 7.4904 27.0186 22.7218
28.816 21.902 7.4904 27.0186 22.7218
28.245 21.331 7.4904 27.0186 22.7218
27.927 21.458 7.4904 27.0186 22.7218
28.689 21.013 7.4904 27.0186 22.7218
29.07 22.347 7.4904 27.0186 22.7218
31.42 27.173 7.4904 27.0186 22.7218
28.245 22.855 7.4904 27.0186 22.7218
28.626 22.791 7.4904 27.0186 22.7218
31.293 23.68 7.4904 27.0186 22.7218
30.785 20.823 7.4904 27.0186 22.7218
34.341 22.029 7.4904 27.0186 22.7218
28.88 25.331 7.4904 27.0186 22.7218
31.356 22.347 7.4904 27.0186 22.7218
28.88 27.3 7.4904 27.0186 22.7218
28.054 22.918 7.4904 27.0186 22.7218
26.975 20.061 7.4904 27.0186 22.7218
26.911 24.76 7.4904 27.0186 22.7218
32.245 24.887 7.4904 27.0186 22.7218
33.642 26.22 7.4904 27.0186 22.7218
27.356 20.632 7.4904 27.0186 22.7218
27.8 23.617 7.4904 27.0186 22.7218
26.848 19.743 7.4904 27.0186 22.7218
32.118 27.3 7.4904 27.0186 22.7218
31.356 26.03 7.4904 27.0186 22.7218
28.499 25.141 7.4904 27.0186 22.7218
28.753 23.998 7.4904 27.0186 22.7218
29.007 26.157 7.4904 27.0186 22.7218
28.753 24.379 7.4904 27.0186 22.7218
27.991 22.601 7.4904 27.0186 22.7218
27.102 21.648 7.4904 27.0186 22.7218
26.911 22.601 7.4904 27.0186 22.7218
27.546 22.537 7.4904 27.0186 22.7218
24.943 19.108 7.4904 25.8145 22.5893
25.895 20.759 7.4904 25.8145 22.5893
26.149 20.886 7.4904 25.8145 22.5893
24.879 19.934 7.4904 25.8145 22.5893
26.276 20.188 7.4904 25.8145 22.5893
25.197 18.918 7.4904 25.8145 22.5893
24.244 21.077 7.4904 25.8145 22.5893
25.133 19.235 7.4904 25.8145 22.5893
26.022 21.902 7.4904 25.8145 22.5893
25.832 22.918 7.4904 25.8145 22.5893
24.879 20.632 7.4904 25.8145 22.5893
26.149 23.172 7.4904 25.8145 22.5893
25.832 23.68 7.4904 25.8145 22.5893
26.086 29.903 7.4904 24.9669 25.1921
30.277 30.475 7.4904 24.9669 25.1921
26.149 27.49 7.4904 24.9669 25.1921
25.895 29.903 7.4904 24.9669 25.1921
26.086 24.95 7.4904 24.9669 25.1921
28.943 30.475 7.4904 24.9669 25.1921
27.229 27.554 7.4904 24.9669 25.1921
27.165 25.458 7.4904 24.9669 25.1921
25.07 30.03 7.4904 24.9669 25.1921
27.102 25.966 7.4904 24.9669 25.1921
27.546 26.982 7.4904 24.9669 25.1921
28.943 30.03 7.4904 24.9669 25.1921
27.229 26.22 7.4904 24.9669 25.1921
29.07 29.713 7.4904 24.9669 25.1921
24.943 23.68 7.4904 24.5701 24.7974
24.308 23.998 7.4904 24.5701 24.7974
25.832 27.998 7.4904 24.5701 24.7974
24.562 26.982 7.4904 24.5701 24.7974
25.705 26.22 7.4904 24.5701 24.7974
25.07 27.744 7.4904 24.5701 24.7974
25.006 24.188 7.4904 24.5701 24.7974
27.927 28.125 7.4904 24.5701 24.7974
25.959 27.744 7.4904 24.5701 24.7974
22.466 28.887 7.4904 23.6043 24.6112
17.64 27.49 7.4904 23.6043 24.6112
20.117 27.617 7.4904 23.6043 24.6112
17.069 27.744 7.4904 23.6043 24.6112
18.91 28.697 7.4904 23.6043 24.6112
17.577 25.204 7.4904 23.6043 24.6112
20.561 25.776 7.4904 23.6043 24.6112
23.482 22.41 7.4904 23.6043 24.6112
17.64 27.998 7.4904 23.6043 24.6112
23.355 23.553 7.4904 23.6043 24.6112
21.958 24.76 7.4904 23.6043 24.6112
22.974 25.141 7.4904 23.6043 24.6112
20.942 25.649 7.4904 23.6043 24.6112
18.72 29.967 7.4904 23.4234 24.8354
18.529 30.03 7.4904 23.4234 24.8354
18.974 29.967 7.4904 23.4234 24.8354
22.149 29.713 7.4904 23.4234 24.8354
21.958 29.395 7.4904 23.4234 24.8354
22.022 28.443 7.4904 23.4234 24.8354
19.037 28.189 7.4904 23.4234 24.8354
22.276 28.125 7.4904 23.4234 24.8354
19.037 26.982 7.4904 23.4234 24.8354
18.72 28.189 7.4904 23.4234 24.8354
18.72 30.665 7.4904 23.4234 24.8354
20.561 23.553 7.4904 23.098 23.6895
20.561 24.696 7.4904 23.098 23.6895
19.164 24.696 7.4904 23.098 23.6895
18.974 24.125 7.4904 23.098 23.6895
18.974 24.569 7.4904 23.098 23.6895
17.069 27.046 7.4904 23.098 23.6895
19.545 25.839 7.4904 23.098 23.6895
16.37 26.982 7.4904 23.098 23.6895
20.371 23.045 7.4904 21.6649 20.6481
20.117 22.728 7.4904 21.6649 20.6481
20.117 21.775 7.4904 21.6649 20.6481
24.943 18.791 7.4904 21.6649 20.6481
21.577 21.394 7.4904 21.6649 20.6481
22.974 17.711 7.4904 21.6649 20.6481
16.497 24.315 7.4904 21.6649 20.6481
24.625 19.68 7.4904 21.6649 20.6481
17.45 24.188 7.4904 21.6649 20.6481
18.91 22.474 7.4904 21.6649 20.6481
17.323 23.934 7.4904 21.6649 20.6481
19.482 21.966 7.4904 21.6649 20.6481
17.64 23.426 7.4904 21.6649 20.6481
17.64 22.918 7.4904 21.6649 20.6481
24.752 19.362 7.4904 21.6649 20.6481
19.863 21.331 7.4904 21.6649 20.6481
18.593 21.648 7.4904 21.6649 20.6481
17.45 21.902 7.4904 21.6649 20.6481
20.117 18.283 7.4904 18.4158 17.4418
20.561 18.219 7.4904 18.4158 17.4418
19.99 18.029 7.4904 18.4158 17.4418
18.148 16.505 7.4904 18.4158 17.4418
13.513 22.41 7.4904 18.4158 17.4418
20.434 15.806 7.4904 18.4158 17.4418
19.609 18.156 7.4904 18.4158 17.4418
18.466 17.838 7.4904 18.4158 17.4418
16.688 18.092 7.4904 18.4158 17.4418
20.498 17.457 7.4904 18.4158 17.4418
17.323 21.331 7.4904 18.4158 17.4418
18.212 18.283 7.4904 18.4158 17.4418
13.005 20.061 7.4904 18.4158 17.4418
20.434 18.537 7.4904 18.4158 17.4418
18.466 18.664 7.4904 18.4158 17.4418
11.163 15.552 7.4904 15.3768 14.4428
13.576 14.79 7.4904 15.3768 14.4428
17.577 13.647 7.4904 15.3768 14.4428
11.735 20.378 7.4904 15.3768 14.4428
18.339 12.631 7.4904 15.3768 14.4428
12.243 20.505 7.4904 15.3768 14.4428
17.323 12.504 7.4904 15.3768 14.4428
12.052 18.854 7.4904 15.3768 14.4428
12.37 19.934 7.4904 15.3768 14.4428
18.466 14.155 7.4904 15.3768 14.4428
11.481 17.711 7.4904 15.3768 14.4428
11.862 17.965 7.4904 15.3768 14.4428
18.021 13.52 7.4904 15.3768 14.4428
11.608 20.251 7.4904 15.3768 14.4428
Total tour distance: 84.6042
