134.6215
0.0000 0.0000
11.5283 15.0132
12.3193 15.8391
12.4083 19.8865
19.9821 18.0380
19.5555 21.9577
20.2323 24.5467
18.8338 25.1789
18.2656 25.8503
17.9797 26.6281
19.1001 28.0310
21.6669 28.1260
24.8729 25.8095
25.5533 26.3667
26.2302 27.3766
27.9246 27.4372
29.2030 26.8913
30.6841 26.7680
30.2251 25.7280
29.3964 24.6334
29.1107 22.5429
28.6283 21.2452
27.7919 22.0872
27.2069 22.1987
26.4671 22.3397
25.9007 20.7570
25.4340 19.4528
26.1118 19.3336
26.9101 19.7969
27.1795 19.5597
28.6538 18.2617
29.2717 17.4211
29.8612 17.1362
29.6360 16.5033
30.3704 14.8386
31.3186 15.3232
32.0994 15.7223
33.6174 17.8910
34.0767 18.2469
34.6554 18.1679
34.4294 17.1155
33.4527 15.4049
32.8313 14.3025
32.8918 13.7241
33.7561 13.7251
34.3832 13.2029
35.4763 12.5562
34.5777 11.9591
33.6460 11.3400
33.1936 11.5800
32.8053 11.6585
32.2740 11.4161
31.0623 10.8633
30.4431 10.9137
29.2089 11.0141
30.2140 12.4363
30.6042 12.6249
30.0982 12.7294
29.5556 12.8417
28.6409 12.7162
27.9196 12.6300
26.8115 12.4976
25.7308 14.0069
24.7359 14.0384
22.9190 12.9711
21.4768 12.1240
18.5336 11.9600
