142.1990
17.4807 7.5340
16.7445 8.3956
14.4245 8.1087
14.2976 4.7855
13.3705 4.2292
12.2882 3.5796
8.1669 4.8440
5.0246 2.4685
4.8151 1.1213
2.7800 1.6500
2.9426 3.4003
3.1942 6.1082
3.6514 10.5432
3.8700 11.2207
1.2541 15.2087
3.4070 16.5222
4.1566 18.5048
4.8914 18.1498
5.6148 17.6181
9.1809 14.9970
9.4754 13.0805
10.0363 9.4301
10.1070 8.9665
12.6366 10.9044
15.3546 12.9867
16.0833 13.9537
17.5321 16.5696
20.2403 17.9158
22.1604 18.8702
23.3028 18.7820
23.8698 16.1465
27.3854 16.9229
29.2682 17.5100
30.5594 17.1689
32.5135 17.4288
37.4273 18.0825
37.8401 16.1956
36.9214 13.2877
34.0245 10.4019
35.5356 7.6449
38.2340 6.8219
37.8359 6.0037
36.3459 4.9574
36.4417 2.7963
35.1644 2.5890
30.6946 1.9391
25.8422 1.2337
26.7400 3.1301
29.4063 6.3214
29.2606 7.4383
28.3107 8.6531
27.0319 10.2885
22.4096 9.6984
21.6708 7.0759
22.0002 5.7298
19.8121 4.8000
17.9290 7.0093
