Decoded TSP tour:
33.32 10.49 7.798 32.7442 11.6036
29.27 17.77 7.798 32.7442 11.6036
38.05 16.19 7.798 32.7442 11.6036
28.34 15.12 7.798 32.7442 11.6036
39.18 12.17 7.798 32.7442 11.6036
32.48 19.06 7.798 33.2658 12.319
32.2 19.45 7.798 33.2658 12.319
33.73 19.02 7.798 33.2658 12.319
30.07 15.24 7.798 33.2658 12.319
35.35 11.12 7.798 33.2658 12.319
37.86 18.62 7.798 33.2658 12.319
23.74 19.44 7.798 23.2894 12.0572
19.94 18.52 7.798 23.2894 12.0572
20.28 17.36 7.798 23.2894 12.0572
22.21 15.78 7.798 23.2894 12.0572
23.56 15.68 7.798 23.2894 12.0572
20.5 18.33 7.798 23.2894 12.0572
22.14 19.77 7.798 23.2894 12.0572
22.23 9.9 7.798 22.0123 11.9195
16.23 17.23 7.798 16.6415 11.3406
16.99 12.94 7.798 16.6415 11.3406
16.77 12.38 7.798 16.6415 11.3406
16.46 18.17 7.798 16.6415 11.3406
12.64 10.9 7.798 16.6415 11.3406
16.32 17.42 7.798 16.6415 11.3406
17.25 9.27 7.798 16.6415 11.3406
17.87 19.02 7.798 16.6415 11.3406
17.68 15.78 7.798 16.6415 11.3406
2.35 10.59 7.798 6.52669 12.0835
2.41 10.69 7.798 6.52669 12.0835
7.78 12.82 7.798 6.52669 12.0835
0.8 15.33 7.798 6.52669 12.0835
1.49 16.29 7.798 6.52669 12.0835
8.11 12.95 7.798 6.52669 12.0835
5.71 19.82 7.798 6.52669 12.0835
3.94 19.44 7.798 6.52669 12.0835
5.55 11.21 7.798 6.5474 12.0246
4.64 13.02 7.798 6.5474 12.0246
3.86 16.16 7.798 6.5474 12.0246
5.55 17.53 7.798 6.5474 12.0246
10.21 9.62 7.798 6.84255 10.7213
10.09 10.01 7.798 6.84255 10.7213
4.01 9.8 7.798 6.84255 10.7213
11.09 11.96 7.798 6.84255 10.7213
10.82 15.61 7.798 6.84255 10.7213
9.81 8.48 7.798 7.28925 7.50473
2.4 6.19 7.798 7.28925 7.50473
9.97 9.42 7.798 7.28925 7.50473
7.81 6.7 7.798 7.28925 7.50473
6.34 2.94 7.798 7.24996 7.4824
0.47 3.63 7.798 7.24996 7.4824
3.66 3.39 7.798 5.06915 4.83215
2.64 0.36 7.798 5.06915 4.83215
4.6 2.67 7.798 2.78 1.65
3.87 1.99 7.798 2.78 1.65
2.02 2.33 7.798 2.78 1.65
2.78 1.65 0 2.78 1.65
11.79 9.69 7.798 10.216 5.60066
15.29 5.81 7.798 10.216 5.60066
13.46 4.08 7.798 10.216 5.60066
12.72 2.46 7.798 10.216 5.60066
12.03 3.85 7.798 10.216 5.60066
10.17 3.33 7.798 10.216 5.60066
9.31 5.12 7.798 10.216 5.60066
5.47 0.25 7.798 10.216 5.60066
13.93 8.59 7.798 10.216 5.60066
15.41 3.54 7.798 10.216 5.60066
18.19 8.14 7.798 20.1821 7.43112
16.04 7.06 7.798 20.1821 7.43112
19.62 3.89 7.798 20.1821 7.43112
17.66 6.78 7.798 20.1821 7.43112
18.28 4.56 7.798 20.1821 7.43112
17.66 6.92 7.798 20.1821 7.43112
20.67 6.94 7.798 20.1821 7.43112
25.97 3.49 7.798 26.2534 7.36326
26.56 1.28 7.798 26.2534 7.36326
26.58 3.6 7.798 26.2534 7.36326
25.81 1.21 7.798 26.2534 7.36326
25.92 2.48 7.798 26.2534 7.36326
23.47 3.88 7.798 26.2534 7.36326
23.34 5.23 7.798 26.2534 7.36326
29.93 6.24 7.798 32.3975 7.29459
36 4.59 7.798 32.3975 7.29459
35.99 5.14 7.798 32.3975 7.29459
39.46 4.59 7.798 32.3975 7.29459
39.35 5.4 7.798 32.3975 7.29459
29.95 2.64 7.798 32.3975 7.29459
35.03 3.01 7.798 32.3975 7.29459
30.62 3.29 7.798 32.3975 7.29459
36.42 6.99 7.798 32.3975 7.29459
34.52 6.37 7.798 32.3975 7.29459
38.68 6.97 7.798 32.3975 7.29459
35.38 1.25 7.798 32.3975 7.29459
37.66 1.54 7.798 32.3975 7.29459
29.44 6.32 7.798 31.0152 8.96114
29.01 9.2 7.798 31.0152 8.96114
29.82 9.49 7.798 31.0152 8.96114
30.23 8.71 7.798 31.0152 8.96114
30.6 7.81 7.798 31.0152 8.96114
27.4 11.01 7.798 31.0152 8.96114
Total tour distance: 75.8297
