159.6029
29.1435 9.1020
29.5164 8.3954
29.8261 7.7139
29.2066 6.5314
26.7359 3.3429
26.5049 2.3447
26.3683 1.7545
29.9927 2.4000
30.8972 2.5611
34.6658 2.3204
35.5767 2.0047
37.2784 2.2201
38.6820 4.5357
38.5746 5.3168
38.3003 6.2888
36.3259 5.2985
35.8573 6.4500
35.0160 6.9718
34.0176 10.1414
35.4627 10.9073
38.4751 12.5036
37.7119 16.1186
37.2979 18.0794
33.6695 18.5082
32.2712 18.6734
29.9333 17.3599
29.5993 15.8618
28.2260 15.8915
23.6079 16.2678
22.7556 16.3373
23.1813 18.8959
22.1352 18.9901
20.1202 18.1233
18.1215 18.2818
17.1505 17.8076
17.0143 17.2503
16.9209 16.8682
16.9126 15.6410
16.7893 12.6755
16.6694 9.7907
14.1098 9.3489
12.6632 10.1205
11.7778 9.7180
10.3081 9.0800
10.3322 10.0037
10.3745 11.6497
8.5420 12.9858
10.0546 15.4603
6.1939 17.9700
5.4571 19.0823
4.3539 18.7790
3.3347 16.7364
2.1213 15.8322
1.5684 15.1970
3.9632 12.6324
4.7836 11.3540
3.6798 10.5065
2.8827 10.0697
1.8904 6.3250
1.2265 3.8195
2.2005 2.4593
2.7800 1.6500
3.1729 0.9294
4.8741 0.7530
4.5365 2.1509
4.3327 2.9954
5.9420 3.6107
7.8623 5.9219
9.2036 4.9701
10.5798 3.9935
11.9219 3.5341
12.7912 3.2366
13.6618 3.6120
14.9427 4.1643
15.8329 5.4273
16.6044 6.5218
17.9670 7.3927
18.7933 5.1471
19.9456 4.5987
22.8134 4.3008
22.5695 5.1095
21.4492 6.9733
22.7278 9.2997
27.2148 10.2524
