63.6533 151.4949
67.2161 156.9701
74.6715 159.7557
82.6169 162.4687
86.4898 153.6897
96.5593 130.9470
98.5277 126.5013
112.6805 123.2302
114.8726 118.9496
95.7508 75.0509
92.7611 68.1875
72.1362 57.7756
65.8066 57.6214
55.4010 65.8050
34.1921 67.3990
37.6400 40.9574
20.3103 31.4293
12.6257 12.4249
22.3824 13.4339
38.1064 14.9408
52.4913 17.2549
63.7445 19.4892
67.7078 24.1132
81.9393 25.2244
88.7523 29.2765
113.2865 29.3815
126.3777 18.9640
136.0211 11.2901
144.6043 -0.1583
149.4502 0.3672
164.9450 18.4274
157.5542 23.5356
149.2219 29.6728
142.0041 34.9891
141.2317 46.2698
136.5253 67.3319
147.6953 62.7228
155.6823 59.4271
159.7506 56.4367
177.2589 45.2353
196.9036 66.4699
220.2369 65.3388
227.6351 60.9437
226.7782 52.2810
216.9620 37.3283
226.1447 24.4854
227.2957 21.9449
231.9974 23.6517
235.8388 21.3868
244.6510 21.7599
251.0167 28.8537
278.0715 14.7905
292.5241 13.6013
302.8576 12.7511
288.3356 38.9486
288.7275 67.2800
269.6782 67.8755
260.4073 124.3599
278.9608 132.4453
286.4483 129.5671
293.8617 133.0427
297.2462 134.6295
300.4375 139.6836
288.4637 171.4123
288.5891 200.5181
263.7586 200.7016
229.1109 200.9576
230.1740 194.8530
234.1771 185.5216
241.4950 168.4637
242.9967 153.8830
235.7475 155.1332
228.0646 158.1039
213.8237 163.6103
216.1364 147.5847
210.0627 127.9327
189.5160 127.7157
184.7214 131.8252
168.0948 146.0758
158.2605 154.5507
153.6336 155.5748
143.4359 157.9267
132.0896 160.5435
124.6697 171.3744
129.1811 185.0205
133.6643 198.5811
139.6455 194.4084
145.2518 190.4972
148.7095 190.4583
154.9390 190.3882
160.5314 190.2772
175.9627 178.1136
184.5524 198.8897
188.2867 207.9220
207.0657 252.0729
204.7103 256.4451
189.9578 260.4298
184.7338 264.9239
168.1297 279.2081
158.3705 287.6064
153.5313 288.7687
143.4754 291.1137
131.7606 293.8455
122.9218 307.3905
105.8483 333.5549
125.1760 333.2474
137.9775 323.8752
142.6306 323.7363
148.6222 323.5573
155.0687 323.4148
160.3809 323.3945
176.9906 311.4067
192.2877 331.1336
208.3969 311.4630
222.4685 331.1381
228.0810 326.5136
232.9333 318.2967
241.3711 304.0082
232.9405 294.1846
227.1294 287.5039
235.5839 281.3399
243.6497 275.1743
259.9350 261.6171
273.2653 265.1679
277.8929 264.8710
286.6873 262.6681
295.5504 266.3365
296.9979 268.2434
300.4379 272.7751
284.0764 305.1108
271.1329 330.6916
270.2057 334.1716
287.0893 334.1666
287.9733 340.3353
294.9338 388.9082
284.5070 389.4965
254.6324 391.2526
214.4574 392.8846
189.5391 393.8969
183.2294 397.5143
169.3000 405.5000
126.1852 395.0438
91.4902 393.0864
49.4558 390.2386
23.6376 388.4894
33.6710 334.8135
55.0490 332.1918
63.6288 327.6632
64.5600 321.1079
41.7812 309.1322
20.6450 298.0202
14.3466 275.2027
19.0693 269.0249
24.8955 261.4034
34.4267 265.0239
46.1409 260.9402
46.2520 268.4719
56.3591 278.2037
62.9460 284.5460
67.8281 290.3790
74.7262 292.8578
82.4589 295.6366
86.3842 286.7032
96.5294 264.0759
98.5455 259.5792
112.7258 256.2582
114.9072 251.9356
93.7856 202.3492
73.5600 192.8415
67.6039 190.0416
61.0890 194.7444
54.5615 199.3884
34.1993 200.5063
37.6760 174.1227
20.4955 164.7394
14.3028 142.2795
19.1815 135.9669
25.3300 128.0111
38.5962 132.0863
50.8818 129.5624
59.7331 144.7628
