Decoded TSP tour:
21.3 273.1 82.68 78.7836 262.598
24.4 273.1 82.68 78.7836 262.598
84.3 283.5 82.68 78.7836 262.598
9.4 273.3 82.68 78.7836 262.598
81.1 285.1 82.68 78.7836 262.598
6.3 273.3 82.68 78.7836 262.598
76.4 288.2 82.68 78.7836 262.598
70.1 280.4 82.68 78.7836 262.598
92.1 254.4 82.68 78.7836 262.598
36.2 273.1 82.68 78.7836 262.598
63.8 280.4 82.68 78.7836 262.598
122.8 254.4 82.68 78.7836 262.598
48 260.7 82.68 78.7836 262.598
141.7 283.5 82.68 78.7836 262.598
119.7 260.7 82.68 78.7836 262.598
127.6 286.7 82.68 78.7836 262.598
39.4 273.1 82.68 78.7836 262.598
51.2 254.4 82.68 78.7836 262.598
66.9 280.4 82.68 78.7836 262.598
52.8 281.9 82.68 78.7836 262.598
17.3 260.7 82.68 78.7836 262.598
60.6 288.2 82.68 78.7836 262.598
89 260.7 82.68 78.7836 262.598
20.5 254.4 82.68 78.7836 262.598
63.8 198.5 82.68 75.7536 192.489
58.3 196.1 82.68 75.7536 192.489
59.1 206.3 82.68 75.7536 192.489
70.9 198.5 82.68 75.7536 192.489
67.7 198.5 82.68 75.7536 192.489
66.9 147.3 82.68 75.7536 192.489
63.8 147.3 82.68 75.7536 192.489
70.9 182.7 82.68 75.7536 192.489
67.7 182.7 82.68 75.7536 192.489
39.4 140 82.68 75.7536 192.489
36.2 140 82.68 75.7536 192.489
70.9 164.6 82.68 75.7536 192.489
67.7 164.6 82.68 75.7536 192.489
52.8 148.8 82.68 75.7536 192.489
70.1 147.3 82.68 75.7536 192.489
142.5 198.5 82.68 75.7536 192.489
14.2 170.1 82.68 75.7536 192.489
84.3 150.4 82.68 75.7536 192.489
44.9 170.1 82.68 75.7536 192.489
129.9 196.1 82.68 75.7536 192.489
28.3 206.3 82.68 75.7536 192.489
85.8 170.1 82.68 75.7536 192.489
27.6 196.1 82.68 75.7536 192.489
100 206.3 82.68 75.7536 192.489
99.2 196.1 82.68 75.7536 192.489
76.4 155.1 82.68 75.7536 192.489
116.5 170.1 82.68 75.7536 192.489
136.2 162.2 82.68 75.7536 192.489
136.2 182.7 82.68 75.7536 192.489
60.6 155.1 82.68 75.7536 192.489
127.6 153.6 82.68 75.7536 192.489
130.7 206.3 82.68 75.7536 192.489
136.2 198.5 82.68 75.7536 192.489
148.8 182.7 82.68 75.7536 192.489
142.5 182.7 82.68 75.7536 192.489
148.8 198.5 82.68 75.7536 192.489
81.1 152 82.68 75.7536 192.489
63.8 164.5 82.68 75.7536 192.489
63.8 182.7 82.68 75.7536 192.489
21.3 140 82.68 56.5437 76.7371
24.4 140 82.68 56.5437 76.7371
9.4 140.2 82.68 56.5437 76.7371
6.3 140.2 82.68 56.5437 76.7371
51.2 121.3 82.68 56.5437 76.7371
70.9 65.4 82.68 56.5437 76.7371
89 127.6 82.68 56.5437 76.7371
20.5 121.3 82.68 56.5437 76.7371
59.1 73.2 82.68 56.5437 76.7371
92.1 121.3 82.68 56.5437 76.7371
48 127.6 82.68 56.5437 76.7371
17.3 127.6 82.68 56.5437 76.7371
85.8 37 82.68 56.5437 76.7371
44.9 37 82.68 56.5437 76.7371
28.3 73.2 82.68 56.5437 76.7371
14.2 37 82.68 56.5437 76.7371
27.6 63 82.68 56.5437 76.7371
66.9 14.2 82.68 54.6768 74.1497
63.8 14.2 82.68 54.6768 74.1497
36.2 6.9 82.68 54.6768 74.1497
39.4 6.9 82.68 54.6768 74.1497
84.3 17.3 82.68 54.6768 74.1497
70.1 14.2 82.68 54.6768 74.1497
63.8 65.4 82.68 54.6768 74.1497
63.8 49.6 82.68 54.6768 74.1497
67.7 49.6 82.68 54.6768 74.1497
70.9 49.6 82.68 54.6768 74.1497
67.7 65.4 82.68 54.6768 74.1497
81.1 18.9 82.68 54.6768 74.1497
9.4 7.1 82.68 54.6768 74.1497
52.8 15.7 82.68 54.6768 74.1497
70.9 31.5 82.68 54.6768 74.1497
58.3 63 82.68 54.6768 74.1497
60.6 22 82.68 54.6768 74.1497
21.3 6.9 82.68 54.6768 74.1497
63.8 31.4 82.68 54.6768 74.1497
67.7 31.5 82.68 54.6768 74.1497
24.4 6.9 82.68 54.6768 74.1497
6.3 7.1 82.68 54.6768 74.1497
76.4 22 82.68 54.6768 74.1497
155.1 29.1 82.68 133.245 73.1463
148.8 29.1 82.68 133.245 73.1463
148.8 49.6 82.68 133.245 73.1463
155.1 49.6 82.68 133.245 73.1463
142.5 49.6 82.68 133.245 73.1463
155.1 65.4 82.68 133.245 73.1463
142.5 65.4 82.68 133.245 73.1463
148.8 65.4 82.68 133.245 73.1463
141.7 -7.9 82.68 133.245 73.1463
136.2 49.6 82.68 133.245 73.1463
149.6 -7.9 82.68 133.245 73.1463
161.4 49.6 82.68 133.109 73.8233
161.4 29.1 82.68 133.109 73.8233
129.9 63 82.68 133.109 73.8233
130.7 73.2 82.68 133.109 73.8233
100 73.2 82.68 133.109 73.8233
99.2 63 82.68 133.109 73.8233
136.2 29.1 82.68 133.109 73.8233
116.5 37 82.68 133.109 73.8233
136.2 65.4 82.68 133.109 73.8233
141.7 17.3 82.68 133.109 73.8233
178 37 82.68 133.109 73.8233
127.6 20.5 82.68 133.109 73.8233
173.2 18.9 82.68 133.109 73.8233
142.5 29.1 82.68 133.109 73.8233
161.4 65.4 82.68 156.491 92.0749
155.1 162.2 82.68 156.491 92.0749
122.8 121.3 82.68 156.491 92.0749
184.3 121.3 82.68 156.491 92.0749
141.7 150.4 82.68 156.491 92.0749
192.1 73.2 82.68 156.491 92.0749
142.5 162.2 82.68 156.491 92.0749
191.3 63 82.68 156.491 92.0749
181.1 127.6 82.68 156.491 92.0749
173.2 152 82.68 156.491 92.0749
148.8 162.2 82.68 156.491 92.0749
119.7 127.6 82.68 156.491 92.0749
161.4 162.2 82.68 156.491 92.0749
278.7 6.9 82.68 255.784 70.4287
275.6 6.9 82.68 255.784 70.4287
234.6 49.6 82.68 255.784 70.4287
234.6 31.5 82.68 255.784 70.4287
231.5 49.6 82.68 255.784 70.4287
290.6 6.9 82.68 255.784 70.4287
218.9 20.5 82.68 255.784 70.4287
293.7 6.9 82.68 255.784 70.4287
222 18.9 82.68 255.784 70.4287
224.4 14.2 82.68 255.784 70.4287
233.1 14.2 82.68 255.784 70.4287
236.2 14.2 82.68 255.784 70.4287
249.6 37 82.68 255.784 70.4287
240.2 22 82.68 255.784 70.4287
227.6 49.6 82.68 255.784 70.4287
308.7 6.9 82.68 255.784 70.4287
263 63 82.68 255.784 70.4287
227.6 31.5 82.68 255.784 70.4287
305.5 6.9 82.68 255.784 70.4287
231.5 31.5 82.68 255.784 70.4287
263.8 73.2 82.68 255.784 70.4287
293.7 63 82.68 255.784 70.4287
248 14.2 82.68 255.784 70.4287
294.5 73.2 82.68 255.784 70.4287
240.2 15.7 82.68 255.784 70.4287
222 63 82.68 251.788 75.2266
227.6 65.4 82.68 251.788 75.2266
231.5 65.4 82.68 251.788 75.2266
234.6 65.4 82.68 251.788 75.2266
208.7 37 82.68 251.788 75.2266
280.3 37 82.68 251.788 75.2266
283.5 127.6 82.68 238.271 95.0641
255.9 121.3 82.68 238.271 95.0641
211.8 127.6 82.68 238.271 95.0641
215 121.3 82.68 238.271 95.0641
290.6 140 82.68 238.271 95.0641
293.7 140 82.68 238.271 95.0641
222.8 73.2 82.68 238.271 95.0641
252.8 127.6 82.68 238.271 95.0641
301.6 127.6 82.68 238.271 95.0641
286.6 121.3 82.68 238.271 95.0641
278.7 140 82.68 233.614 129.988
236.2 147.3 82.68 233.614 129.988
275.6 140 82.68 233.614 129.988
233.1 147.3 82.68 233.614 129.988
305.5 140 82.68 233.614 129.988
308.7 140 82.68 233.614 129.988
234.6 182.7 82.68 224.972 194.801
231.5 182.7 82.68 224.972 194.801
231.5 198.5 82.68 224.972 194.801
222 152 82.68 224.972 194.801
293.7 196.1 82.68 224.972 194.801
263 196.1 82.68 224.972 194.801
218.9 153.6 82.68 224.972 194.801
294.5 206.3 82.68 224.972 194.801
222.8 206.3 82.68 224.972 194.801
263.8 206.3 82.68 224.972 194.801
208.7 170.1 82.68 224.972 194.801
280.3 170.1 82.68 224.972 194.801
155.1 182.7 82.68 224.972 194.801
240.2 148.8 82.68 224.972 194.801
178 170.1 82.68 224.972 194.801
249.6 170.1 82.68 224.972 194.801
161.4 182.7 82.68 224.972 194.801
240.2 155.1 82.68 224.972 194.801
248 147.3 82.68 224.972 194.801
191.3 196.1 82.68 224.972 194.801
192.1 206.3 82.68 224.972 194.801
161.4 198.5 82.68 224.972 194.801
234.6 198.5 82.68 224.972 194.801
222 196.1 82.68 224.972 194.801
234.6 164.6 82.68 224.972 194.801
227.6 198.5 82.68 224.972 194.801
231.5 164.6 82.68 224.972 194.801
227.6 164.6 82.68 224.972 194.801
155.1 198.5 82.68 224.972 194.801
227.6 182.7 82.68 224.972 194.801
224.4 147.3 82.68 224.972 194.801
286.6 254.4 82.68 222.791 265.602
255.9 254.4 82.68 222.791 265.602
215 254.4 82.68 222.791 265.602
181.1 260.7 82.68 222.791 265.602
252.8 260.7 82.68 222.791 265.602
184.3 254.4 82.68 222.791 265.602
249.6 303.2 82.68 222.791 265.602
211.8 260.7 82.68 222.791 265.602
208.7 303.2 82.68 222.791 265.602
283.5 260.7 82.68 222.791 265.602
280.3 303.2 82.68 222.791 265.602
227.6 315.8 82.68 224.521 277.192
305.5 273.1 82.68 224.521 277.192
227.6 297.7 82.68 224.521 277.192
301.6 260.7 82.68 224.521 277.192
173.2 285.1 82.68 224.521 277.192
224.4 280.4 82.68 224.521 277.192
240.2 288.2 82.68 224.521 277.192
218.9 286.7 82.68 224.521 277.192
222 285.1 82.68 224.521 277.192
178 303.2 82.68 224.521 277.192
240.2 281.9 82.68 224.521 277.192
248 280.4 82.68 224.521 277.192
275.6 273.1 82.68 226.117 277.114
233.1 280.4 82.68 226.117 277.114
236.2 280.4 82.68 226.117 277.114
293.7 273.1 82.68 226.117 277.114
290.6 273.1 82.68 226.117 277.114
278.7 273.1 82.68 226.117 277.114
234.6 297.7 82.68 226.117 277.114
231.5 297.7 82.68 226.117 277.114
234.6 315.8 82.68 226.117 277.114
231.5 315.8 82.68 226.117 277.114
308.7 273.1 82.68 226.117 277.114
286.6 387.5 82.68 227.342 357.445
283.5 393.8 82.68 227.342 357.445
255.9 387.5 82.68 227.342 357.445
215 387.5 82.68 227.342 357.445
211.8 393.8 82.68 227.342 357.445
263.8 339.4 82.68 227.342 357.445
263 329.2 82.68 227.342 357.445
294.5 339.4 82.68 227.342 357.445
293.7 329.2 82.68 227.342 357.445
252.8 393.8 82.68 227.342 357.445
301.6 393.8 82.68 227.342 357.445
234.6 331.6 82.68 220.071 353.886
231.5 331.6 82.68 220.071 353.886
227.6 331.6 82.68 220.071 353.886
222 329.2 82.68 220.071 353.886
222.8 339.4 82.68 220.071 353.886
148.8 315.8 82.68 181.002 357.039
161.4 295.3 82.68 181.002 357.039
136.2 331.6 82.68 181.002 357.039
155.1 295.3 82.68 181.002 357.039
161.4 315.8 82.68 181.002 357.039
191.3 329.2 82.68 181.002 357.039
192.1 339.4 82.68 181.002 357.039
148.8 295.3 82.68 181.002 357.039
161.4 331.6 82.68 181.002 357.039
155.1 331.6 82.68 181.002 357.039
142.5 315.8 82.68 181.002 357.039
142.5 331.6 82.68 181.002 357.039
148.8 331.6 82.68 181.002 357.039
155.1 315.8 82.68 181.002 357.039
122.8 387.5 82.68 169.3 405.5
119.7 393.8 82.68 169.3 405.5
181.1 393.8 82.68 169.3 405.5
184.3 387.5 82.68 169.3 405.5
169.3 405.5 0 169.3 405.5
58.3 329.2 82.68 72.5938 332.33
63.8 331.6 82.68 72.5938 332.33
67.7 331.6 82.68 72.5938 332.33
70.9 331.6 82.68 72.5938 332.33
92.1 387.5 82.68 72.5938 332.33
89 393.8 82.68 72.5938 332.33
17.3 393.8 82.68 72.5938 332.33
44.9 303.2 82.68 74.8722 329.797
63.8 315.8 82.68 74.8722 329.797
20.5 387.5 82.68 74.8722 329.797
48 393.8 82.68 74.8722 329.797
51.2 387.5 82.68 74.8722 329.797
28.3 339.4 82.68 74.8722 329.797
27.6 329.2 82.68 74.8722 329.797
59.1 339.4 82.68 74.8722 329.797
63.8 297.6 82.68 81.382 322.719
67.7 297.7 82.68 81.382 322.719
70.9 297.7 82.68 81.382 322.719
100 339.4 82.68 81.382 322.719
67.7 315.8 82.68 81.382 322.719
14.2 303.2 82.68 81.382 322.719
130.7 339.4 82.68 81.382 322.719
85.8 303.2 82.68 81.382 322.719
116.5 303.2 82.68 81.382 322.719
136.2 295.3 82.68 81.382 322.719
142.5 295.3 82.68 81.382 322.719
99.2 329.2 82.68 81.382 322.719
129.9 329.2 82.68 81.382 322.719
136.2 315.8 82.68 81.382 322.719
70.9 315.8 82.68 81.382 322.719
Total tour distance: 988.227
