2052.4863
285.0015 12.2270
276.2708 11.2486
241.3535 19.0151
219.0589 17.7342
174.3179 15.1637
146.0078 -2.0065
152.9998 28.1623
141.0914 35.8017
131.4412 43.9951
125.3149 49.1966
98.8122 51.6066
71.6211 48.6408
64.2844 31.6568
45.0882 36.0179
25.4542 22.4493
16.7667 16.4456
30.9435 72.5318
43.0475 120.4182
38.2171 139.4157
57.5101 156.5186
29.8109 173.1183
45.4640 192.2752
55.2867 204.2966
47.7580 239.8692
54.9703 252.2124
75.2301 283.4404
41.3988 295.9432
38.8925 308.2319
39.6409 323.7910
46.6964 331.2938
50.8562 341.4711
39.2451 375.7730
89.3655 392.3452
169.3000 405.5000
174.1889 391.2126
161.1486 331.7637
157.4482 328.7330
148.3981 321.3206
142.2075 314.7916
153.9029 295.2172
148.2136 280.9146
143.6959 269.5329
172.6578 277.3189
187.8186 274.6897
215.4805 269.8926
224.1091 278.8753
239.1669 282.6891
238.5018 303.0000
233.9141 331.4604
232.5909 338.9781
261.7254 375.9902
277.7248 383.3953
285.5869 337.8610
296.9434 272.0885
296.2055 196.0757
295.6270 136.4777
272.8770 142.6238
258.1672 146.7472
240.9973 151.5601
227.2093 155.5430
233.1168 182.0999
219.7499 191.5232
195.5121 196.4757
178.0498 174.0997
160.9018 197.2992
138.8702 194.2727
119.3775 158.0213
105.8811 132.9215
124.2790 125.4440
173.1338 117.0748
193.7624 75.1991
230.4911 64.4294
234.8979 49.8669
268.2001 36.1904
