87.8079 376.9716
40.0860 359.3061
37.7734 291.9588
89.7768 295.6751
118.7366 299.8284
137.6377 297.7712
143.0006 252.5591
124.8547 181.5255
104.1399 158.1895
45.6146 168.7602
44.1086 138.2065
41.0216 66.6897
39.5120 31.7170
99.5090 33.2160
130.7210 33.2324
145.6333 33.2402
192.9342 33.9291
224.1591 34.5924
285.6037 41.1869
277.5161 112.8597
212.2357 151.7735
228.4014 186.5201
245.7305 192.7711
254.6445 209.6537
267.7882 267.1625
252.0149 272.8100
247.7146 281.1737
250.0404 303.1246
260.7260 339.0168
269.3394 367.9488
219.1692 359.7343
169.3000 405.5000
