Decoded TSP tour:
12 18 6 12.0129 17.7731
13 18 5 12.0129 17.7731
12 17 6 12.0129 17.7731
14 18 2 12.0129 17.7731
15.5 18.5 5 13.5 17
15 18 7 13.5 17
16 18 4 13.5 17
16 15 5 13.5 17
15 19 3 13.5 17
13.5 17 0 13.5 17
15 15 7 13.266 15.6791
13 15 1 13.266 15.6791
14 15 1 13.266 15.6791
12 15 6 11.7384 15.0958
11.5 13.5 2 11.7384 15.0958
10 15 2 11.7384 15.0958
10 16.3 5 11.7384 15.0958
11 15 1 11.7384 15.0958
13 11.3 4 11.7384 15.0958
10.5 10.5 7 10.0831 11.9965
10 11 1 10.0831 11.9965
7 18 7 6.99926 15.4912
7 16 5 6.99926 15.4912
9 15 5 6.99926 15.4912
8 15 3 6.99926 15.4912
7 15 0 7 15
4 15 6 5 15
5 15 0 5 15
4 16 5 4.18058 16.3261
4 17 1 4.18058 16.3261
4 18 3 4.18058 16.3261
2 18 5 4.1527 16.3656
3 18 2 4.1527 16.3656
2 17 5 3.82357 16.4328
3 16 4 3.82357 16.4328
3 17 1 3.82357 16.4328
2 16 7 2.85497 14.4813
3 14 6 2.85497 14.4813
3 15 4 2.85497 14.4813
2 14 7 2.85497 14.4813
4 14 4 2.85497 14.4813
2 15 1 2.85497 14.4813
3 13 6 2.70474 13.2226
3 12 4 2.70474 13.2226
4 13 2 2.70474 13.2226
2 13 4 2.68642 12.7272
2 12 1 2.68642 12.7272
3 11 2 4 12
4 11 5 4 12
4 12 0 4 12
4 8 7 4 10
4 9 1 4 10
3 10 6 4 10
4 10 0 4 10
2 11 7 2.02198 9.25013
2 10 3 2.02198 9.25013
3 8 5 2 9
2 8 4 2 9
3 9 2 2 9
2 9 0 2 9
3 4 7 3 6
4 7 7 3 6
3 7 3 3 6
3 6 3 3 6
3 5 3 3 6
4 6 1 3 6
2 4 6 2 6
2 7 1 2 6
2 5 3 2 6
4 5 4 2 6
2 6 0 2 6
0 0 0 0 0
8 3 2 6.51509 2.80257
4 4 4 6.51509 2.80257
7 3 1 6.51509 2.80257
6 4 3 6.51509 2.80257
7 6 5 7.5 4.9
8 6 4 7.5 4.9
7.5 4.9 0 7.5 4.9
10 3 4 9.26558 3.98574
9 3 6 9.26558 3.98574
8.5 5.2 4 9.26558 3.98574
12 3 2 10.1306 3.49411
11 3 1 10.1306 3.49411
8 10.3 5 9.37671 6.51899
9 6 1 9.37671 6.51899
8.5 7 1 9.37671 6.51899
11 9 5 9.4 7.4
9.4 7.4 0 9.4 7.4
12 6 3 10.4281 6.10455
10 6 7 10.4281 6.10455
11 6 1 10.4281 6.10455
11 7 2 10.4281 6.10455
14 9.3 7 13.8591 6.56669
14.5 7.7 4 13.8591 6.56669
13.5 7.5 1 13.8591 6.56669
13 6 5 14.5016 5.24644
14 6 1 14.5016 5.24644
13 7 3 14.5016 5.24644
17.1 3.1 6 15.0939 3.91381
13 3 6 15.0939 3.91381
14 3 3 15.0939 3.91381
15.5 3 1 15.0939 3.91381
15.5 5 4 16.2881 5.65641
17.1 5.1 2 16.2881 5.65641
17.5 7.5 6 18.1373 6.50577
18 6 5 18.1373 6.50577
19 3 5 18.1373 6.50577
19 6 1 18.1373 6.50577
16.5 10.5 6 18.4436 9.33298
16 11 5 18.4436 9.33298
18 12.3 3 18.4436 9.33298
20 9 6 18.943 9.7677
16 13 6 18.943 9.7677
17 12 3 18.943 9.7677
20 10 1 19.4216 10.1842
20 12 5 19.4216 10.1842
20 11 1 19.4216 10.1842
20 14 6 19.7988 12.0205
20 13 1 19.7988 12.0205
20 6 5 20.8099 6.33558
20 8 6 20.8099 6.33558
21 6 5 20.8099 6.33558
18 3 5 20.4884 4.57265
20 3 5 20.4884 4.57265
20 3.7 1 20.4884 4.57265
23 3 6 21.948 5.69865
23 6 2 21.948 5.69865
22 6 3 21.948 5.69865
21 3 4 21.948 5.69865
22 3 4 21.948 5.69865
22 4.7 1 21.948 5.69865
24.5 7.1 2 24.4284 5.94504
24 3 5 24.4284 5.94504
24 6 5 24.4284 5.94504
25 3 3 24.4284 5.94504
25.5 7.1 7 25.4409 5.92025
25 8 7 25.4409 5.92025
26 5 6 25.4409 5.92025
26 4 2 25.4409 5.92025
27 7 6 26.8495 6.65001
27 8 4 26.8495 6.65001
26 8 2 26.8495 6.65001
27.5 5.2 6 27.7397 5.55298
30 7 5 27.7397 5.55298
29 4 2 27.7397 5.55298
29 5 1 28.0843 5.4018
27 9 6 28.0011 9.06753
26 9 5 28.0011 9.06753
30 8 4 28.0011 9.06753
28 9 4 28.0011 9.06753
30 9 2 28.0011 9.06753
27 10 6 26.9333 9.64079
26 10 1 26.9333 9.64079
30 10 6 28.7807 10.3546
29.3 9.5 1 28.7807 10.3546
27 11 6 28.6152 10.6629
28 11.3 1 28.6152 10.6629
30 11 1 30 12
30 12 0 30 12
29 14 5 30 13
30 13 1 30 13
29.5 17.5 5 30 16
30 17 2 30 16
30 15 4 30 16
30 16 0 30 16
27 14 2 27.5 13.5
26 11 6 27 13
26 12 5 27 13
27 12 4 27 13
26 13 5 27 13
27 13 0 27 13
23.9 13 1 24.0856 13.7354
23.2 15 6 23.8773 13.788
22.9 14 1 23.8773 13.788
26 15 5 25.5176 14.4662
26 14 1 25.5176 14.4662
27 15 7 27 16
27 16 0 27 16
27 17 1 27.0657 16.5733
26 16 3 27.0657 16.5733
26 17 1 26.9874 16.8417
27 18 3 27.3255 17.8955
27 19 5 27.5961 18.6959
27 21 4 27.5961 18.6959
27 20 2 27.5961 18.6959
30 18 6 29.1145 19.5354
30 19 5 29.1145 19.5354
30 22 4 29.1145 19.5354
30 20 1 29.1145 19.5354
30 21 6 29.5 20.5
29.5 20.5 0 29.5 20.5
27 23 3 27.1105 20.0031
28.5 22 6 27.1105 20.0031
27 22 2 27.1105 20.0031
26 19 5 25.7675 19.3503
26 18 5 25.7675 19.3503
26 20 2 25.7675 19.3503
26 22 3 23.9485 20.0013
26 21 4 23.9485 20.0013
24 21 1 23.9485 20.0013
21.1 20 4 21.7 19
21.7 19 0 21.7 19
20 16 7 20.1253 16.9961
20.6 16.5 2 20.1253 16.9961
18 15 6 20.1253 16.9961
20 17 3 20.1253 16.9961
17 15 6 20.1253 16.9961
20 15 2 20.1253 16.9961
20 18 1 19.9423 17.9894
20 20 1 19.7334 19.1234
20 19 2 19.7334 19.1234
18 18 3 18.7336 18.9973
17 18 2 18.7336 18.9973
20 23 7 18.4912 21.2826
20 24 4 18.4912 21.2826
20 22 2 18.4912 21.2826
20 21 2 18.4912 21.2826
18 21 1 18.4912 21.2826
16 21 3 17.7594 21.6506
17 21 1 17.7594 21.6506
15 27 6 15.8088 23.9724
14 24 5 15.8088 23.9724
15 24 4 15.8088 23.9724
13 24 5 15.8088 23.9724
12 24 5 15.8088 23.9724
14 25 3 15.8088 23.9724
17.2 26.1 6 16 24
18 24 6 16 24
17 24 2 16 24
17.9 25.8 5 16 24
16 24 0 16 24
13 27 7 14.5584 26.1704
14 27 1 14.5584 26.1704
16 27 7 16.931 26.6454
16.9 26.8 1 16.931 26.6454
18.3 28 7 21.2 27.5
18.3 27 5 21.2 27.5
20 29 7 21.2 27.5
20 25 5 21.2 27.5
20 26 4 21.2 27.5
20 27 3 21.2 27.5
20 28 2 21.2 27.5
22.2 28.2 3 21.2 27.5
20 30 3 21.2 27.5
21.2 27.5 0 21.2 27.5
26 26 7 26.1467 25.9892
26 23 6 26.1467 25.9892
27 26 3 26.1467 25.9892
26 25 1 26.1467 25.9892
26 27 6 26.3451 26.7368
26 29 5 26.3451 26.7368
26 28 3 26.3451 26.7368
27 25 2 26.3451 26.7368
26 24 3 26.3451 26.7368
27 27 7 27.2383 27.0288
27 28 1 27.2383 27.0288
27 29 3 28.1479 27.1792
28.5 27 2 28.1479 27.1792
27.6 23.6 7 29.0615 24.9981
29 24 1 29.0615 24.9981
30 23 5 29.1564 26.537
30 25 4 29.1564 26.537
30 26 1 29.1564 26.537
30 28 6 30 27
30 27 0 30 27
29 30 7 29.525 28.88
30 30 7 29.525 28.88
30 29 1 29.525 28.88
30 31 4 29.0002 31.982
30 33 5 29.0002 31.982
30 32 1 29.0002 31.982
30 38 7 29.3313 36.2565
30 37 1 29.3313 36.2565
30 34 3 28.0112 34.7888
30 36 3 28.0112 34.7888
28.5 33.5 5 28.0112 34.7888
30 35 2 28.0112 34.7888
27 38 4 27.22 35.0245
27 35 3 27.22 35.0245
27 37 6 27.22 35.0245
26.2 36.5 3 27.22 35.0245
27 36 1 27.22 35.0245
26 34 7 26.667 34.2767
27 34 2 26.667 34.2767
27 32 7 27 33
27 33 0 27 33
27 30 6 25.8065 31.9811
26 30 7 25.8065 31.9811
27 31 3 25.8065 31.9811
26 31 1 25.8065 31.9811
23.2 31.5 2 24.3169 33.0526
22.8 32.5 7 23 34
23 35 6 23 34
23 34 0 23 34
22 32 7 20.4721 33.0565
21.5 32.5 7 20.4721 33.0565
21 32 6 20.4721 33.0565
20 35 2 20.4721 33.0565
19 30 4 19.8059 32.7692
20.5 31.5 4 19.8059 32.7692
20 31 6 19.8059 32.7692
19 35.2 6 18.0317 33.5367
18.3 34.5 1 18.0317 33.5367
17.9 33.3 0 17.9 33.3
17 36 5 17.2275 33.2775
17.2 34.1 1 17.2275 33.2775
14 36 7 16.182 33.2426
15 33 6 16.182 33.2426
14 33 4 16.182 33.2426
16 36 4 16.182 33.2426
16 33 2 16.182 33.2426
15 36 3 16.182 33.2426
16 30 7 14 30
15 28.6 6 14 30
14 29 1 14 30
15 28 3 14 30
15 30 7 14 30
13 30 5 14 30
14 28.2 3 14 30
14 30 0 14 30
13 33 6 13.0123 29.996
11 30 7 11.7659 29.9909
12 30 1 11.7659 29.9909
11 27 5 11.7659 29.9909
12 27 3 11.7659 29.9909
8 30 5 10.5212 30.8534
10 27 5 10.5212 30.8534
9 30 2 10.5212 30.8534
10 30 1 10.5212 30.8534
12 33 4 10 33
11 33 4 10 33
9 33 1 10 33
10 33 0 10 33
13 36 6 9.60621 35.0808
12 36 4 9.60621 35.0808
11 36 6 9.60621 35.0808
10 36 1 9.60621 35.0808
7 36 6 7.54126 34.0533
9 36 5 7.54126 34.0533
8 36 2 7.54126 34.0533
8 33 4 6.34744 33.8607
7 33 3 6.34744 33.8607
6.2 36.5 3 5.02089 34.4513
6.2 37.1 3 5.02089 34.4513
4.7 33.5 6 4.7 34.5
4 34 5 4.7 34.5
4.7 34.5 0 4.7 34.5
4 35 5 3.61552 35.0769
4 36 1 3.61552 35.0769
2 36 1 2.48268 35.3147
3 35 3 2.48268 35.3147
1.5 35.5 1 2.48268 35.3147
1.5 35 1 2 35
2 35 0 2 35
3 34 5 2 34
2 33 4 2 34
2 34 0 2 34
3 32 1 3.60251 32.5427
4 33 4 3.60251 32.5427
3 33 1 3.60251 32.5427
3 31 3 3.60251 32.5427
5.2 32 3 3.60251 32.5427
4 32 4 3.60251 32.5427
2 32 3 3.60251 32.5427
4 31 0 4 31
7 30 5 4.58787 30.1761
4 30 5 4.58787 30.1761
5 31 1 4.58787 30.1761
2 31 3 2.98953 29.1443
2 30 3 2.98953 29.1443
3 30 2 2.98953 29.1443
3 29 2 2.98953 29.1443
4 29 3 2.98953 29.1443
2 29 1 2.98953 29.1443
4 28 6 3.34144 28.117
2 28 4 3.34144 28.117
3 28 1 3.34144 28.117
3 25 6 3.71291 27.0324
3 27 6 3.71291 27.0324
4 27 1 3.71291 27.0324
2 27 6 3.71291 27.0324
3 26 2 3.71291 27.0324
2 25 3 3.71291 27.0324
4 26 3 3.71291 27.0324
2 26 2 3.71291 27.0324
4.7 25.5 1 5.06537 26.4309
8 24 6 6.00443 26.133
9 27 6 6.00443 26.133
8 27 3 6.00443 26.133
7.5 25.5 3 6.00443 26.133
7 27 2 6.00443 26.133
9.1 26 5 6.00443 26.133
10 26 4 6.00443 26.133
9 24 5 6.00443 26.133
8 26 2 6.00443 26.133
4 25 4 4.99589 24.0108
7 24 6 4.99589 24.0108
5.4 24.3 5 4.99589 24.0108
3 24 3 4.99589 24.0108
2 24 5 4.99589 24.0108
4 24 4 4.99589 24.0108
5.4 23.3 6 4.90938 22.9274
2 23 3 4.90938 22.9274
4 23 1 4.90938 22.9274
3 23 5 2 22
3 22 5 2 22
2 22 0 2 22
4 22 2 4.83405 21.9839
2 21 3 4.83405 21.9839
7 21 3 5.01378 21.4441
5.3 21 5 5.01378 21.4441
3 21 3 5.01378 21.4441
4 21 2 4.57457 20.8185
4 20 1 4.57457 20.8185
2 20 4 4.30129 19.9535
3 19 2 4.30129 19.9535
3 20 4 4.30129 19.9535
5 18.3 4 4.30129 19.9535
2 19 5 4.30129 19.9535
4 19 1 4.30129 19.9535
8 18 5 9.0132 20.0168
9 18 6 9.0132 20.0168
8 21 6 9.0132 20.0168
8.5 22.8 7 9.0132 20.0168
9 21 1 9.0132 20.0168
10 21 4 9.56132 20.0241
9.5 22.2 7 9.56132 20.0241
11 24 5 9.56132 20.0241
10 24 4 9.56132 20.0241
13.5 21.4 3 12.4522 21.1634
15 21 6 12.4522 21.1634
14 21 7 12.4522 21.1634
13 21 4 12.4522 21.1634
12.2 22.1 5 12.4522 21.1634
12 21 4 12.4522 21.1634
13 22 1 12.4522 21.1634
14 20 5 11.5617 19.8032
11 21 2 11.5617 19.8032
11.7 22.8 3 11.5617 19.8032
10 18 3 11.6743 17.953
11 18 1 11.6743 17.953
Total tour distance: 244.176
