2.7488 5.8695
3.2868 6.2629
3.2799 6.7568
2.7346 7.1953
2.7177 7.7498
3.2681 8.2049
2.7345 8.8047
3.2492 9.1183
3.3788 9.5621
2.7329 10.2014
2.6535 11.0604
2.6087 11.5448
3.4131 11.4829
3.3841 11.9628
3.3447 12.6150
2.7300 13.2115
2.6486 14.0621
2.6031 14.5375
3.4970 14.5698
4.2685 15.2065
3.6163 16.3439
2.5876 16.4821
2.5907 16.9965
2.5971 18.0568
2.4691 19.4020
2.9653 19.3745
3.6271 19.3377
4.2340 18.7232
4.7299 19.0105
5.7333 20.3755
7.0533 20.8524
7.9395 21.1726
9.0744 21.5703
9.2590 20.8310
8.4151 18.4854
7.6578 17.6192
7.5591 15.5149
9.0041 15.0117
9.8850 14.7050
11.1515 14.1754
11.4684 14.4409
12.2455 15.0921
10.7236 16.5325
10.6115 17.5486
11.9615 17.6310
13.4414 17.7578
15.3659 18.4191
15.3652 20.5820
14.1908 20.7357
12.7777 21.2732
12.0362 21.4642
11.4442 21.6168
10.6228 23.5643
11.5611 23.5473
12.9502 24.1207
13.9353 24.5273
14.9810 24.5627
15.5095 24.5806
15.4406 26.4855
14.0029 26.4775
12.9975 26.4823
11.9948 26.4925
10.9952 26.5022
10.0048 26.5116
9.0747 26.5274
7.6142 26.5523
7.8675 25.5975
8.2534 24.1427
8.0314 23.3984
6.9635 23.4721
5.1023 23.6007
4.5186 23.4444
3.5281 21.5959
2.5216 21.5528
2.6063 22.9636
2.6690 24.0074
2.6579 25.0098
2.6490 25.6045
3.5952 25.6433
4.0227 25.8449
3.4317 26.4953
2.7396 27.1750
2.7267 27.7773
3.2781 28.2378
3.2620 28.8184
2.5856 29.4845
2.5578 30.0285
2.4868 31.4163
2.6660 31.3274
3.8419 30.7434
4.3116 31.3221
4.4437 32.0752
4.1328 32.9941
2.6639 33.3700
2.4748 34.1198
2.2994 34.8150
2.1813 35.2619
3.7166 34.7052
4.2209 35.0901
4.6393 35.5890
6.5032 36.4030
7.0312 36.1401
8.0048 36.0539
8.9976 35.9661
9.9967 35.8964
10.9905 35.8643
11.9845 35.7951
12.9755 35.7199
13.9605 35.6337
14.9388 35.5281
15.9142 35.4016
16.8740 35.2639
19.2536 34.8567
17.9054 34.0600
15.8777 33.7117
14.9083 33.5499
13.9372 33.3960
12.9623 33.2474
11.9848 33.1025
11.0058 32.9601
10.0518 32.7569
9.0588 32.6080
8.0677 32.4792
7.4682 32.4012
7.4707 30.5967
8.0583 30.5324
9.1306 30.4150
10.0360 30.1300
10.9740 29.8703
11.9333 29.6781
12.8897 29.4799
13.6731 29.3138
14.2816 28.9060
14.8574 28.7466
15.3962 29.3514
16.1298 29.5759
18.8729 30.4153
19.5754 30.6304
21.2281 31.5258
21.8207 31.8109
22.5982 31.9643
23.5464 34.4716
26.4369 34.5105
26.9597 36.5235
27.4761 37.4076
29.3944 37.5407
29.4124 36.9812
29.4467 35.9810
29.4189 35.0167
29.3028 34.0871
29.2470 33.6403
29.4644 32.5393
27.5269 32.4522
26.6987 30.7008
26.7202 30.2428
27.3058 29.6958
29.4947 30.4322
29.4678 29.0539
29.3676 28.0640
29.2601 27.0016
29.3169 25.9626
29.3482 25.3910
26.6250 25.4325
26.5471 26.0672
26.4414 26.9278
26.3548 27.5983
25.6214 28.3409
22.1986 28.2776
21.2260 28.2596
20.3113 28.3066
19.7629 27.7221
18.5137 27.2706
17.6462 26.6555
18.2078 26.3282
19.3071 25.6876
19.2997 25.0077
19.3673 23.9592
19.3992 23.4655
18.0201 23.4179
17.4649 23.3987
17.5420 21.5328
19.4322 21.4947
20.2951 19.7004
21.1071 19.7210
21.8453 19.7460
23.9988 20.2399
26.1704 19.7278
26.6138 19.6546
26.5791 21.0148
26.5536 22.0124
26.5213 23.4469
27.5875 23.3849
28.6550 23.3228
29.2869 22.7369
29.2590 21.9604
29.4005 20.9247
29.4497 19.9716
29.4900 18.9793
29.5302 17.9862
29.5547 16.9891
29.5878 15.6386
27.0264 17.2404
26.4847 17.4145
26.4559 15.8749
26.3146 15.3286
23.8684 14.6381
23.6495 14.1264
24.3061 13.6425
25.9937 13.4939
26.9744 13.4075
28.6301 13.3360
29.3285 12.6439
29.4447 11.5190
28.0056 11.5513
26.6348 11.5820
26.5478 10.9272
26.4134 10.0946
26.2721 9.2188
25.6443 8.2246
25.1657 7.4667
26.7468 7.7166
28.2468 8.5623
29.6246 9.3391
29.4186 8.0963
29.2402 7.0195
28.5344 4.6008
27.5706 4.5031
26.4533 4.3899
24.9217 3.7560
23.9442 3.6752
23.4221 3.6321
23.5404 5.3947
22.9498 5.4485
21.6261 5.5690
21.5919 4.7163
21.5476 3.6108
20.9687 3.5964
19.9864 3.5732
19.0180 3.6021
17.6312 3.6437
17.7726 4.7460
18.5016 5.4290
19.2463 6.0981
18.2109 7.2310
19.2849 8.2574
19.3019 9.0157
19.3238 9.9905
19.3099 10.9791
19.2869 11.7368
18.7553 12.3849
19.2811 13.2466
19.4367 14.1025
19.6110 15.0602
19.8417 16.5514
19.4917 17.4349
17.5380 17.4631
17.5230 15.5917
16.8805 15.3995
15.9635 15.1194
14.7133 14.7375
15.8040 12.8846
16.2425 11.9373
15.7775 10.7360
14.0675 10.0571
12.9290 10.5433
11.0715 9.7567
9.8071 10.2648
8.6219 9.8630
9.1371 7.4144
9.4017 6.6452
9.9891 6.6550
10.9963 6.6719
11.9983 6.6773
12.6585 6.6790
14.0938 7.0576
14.3764 6.1126
14.7568 4.8408
14.9394 3.5133
13.9794 3.4714
12.9849 3.4370
11.9921 3.4182
10.9955 3.4071
10.0104 3.4309
9.0218 3.4761
7.5305 3.5443
7.8063 4.8893
7.6191 5.3423
6.9972 5.2399
5.7865 4.7295
4.5619 4.4881
0.0000 0.0000
2.4041 4.4719
2.5611 5.1082
