Decoded TSP tour:
16 11 7.6 16.408 8.0872
19 3 7.6 16.408 8.0872
17 12 7.6 16.408 8.0872
17.1 5.1 7.6 16.408 8.0872
16 13 7.6 16.408 8.0872
17.5 7.5 7.6 16.408 8.0872
18 6 7.6 16.408 8.0872
14 15 7.6 16.408 8.0872
15.5 5 7.6 16.408 8.0872
18 3 7.6 16.408 8.0872
14.5 7.7 7.6 16.408 8.0872
16.5 10.5 7.6 16.408 8.0872
15 15 7.6 16.408 8.0872
17.1 3.1 7.6 16.408 8.0872
10 11 7.6 11.8064 5.39363
10.5 10.5 7.6 11.8064 5.39363
10 3 7.6 11.8064 5.39363
8.5 7 7.6 11.8064 5.39363
9 3 7.6 11.8064 5.39363
11 6 7.6 11.8064 5.39363
7 6 7.6 11.8064 5.39363
12 6 7.6 11.8064 5.39363
9.4 7.4 7.6 11.8064 5.39363
14 6 7.6 11.8064 5.39363
8 6 7.6 11.8064 5.39363
13 6 7.6 11.8064 5.39363
8 3 7.6 11.8064 5.39363
13 3 7.6 11.8064 5.39363
13.5 7.5 7.6 11.8064 5.39363
7.5 4.9 7.6 11.8064 5.39363
11 7 7.6 11.8064 5.39363
10 6 7.6 11.8064 5.39363
13 7 7.6 11.8064 5.39363
14 3 7.6 11.8064 5.39363
9 6 7.6 11.8064 5.39363
11 9 7.6 11.8064 5.39363
13 11.3 7.6 11.8064 5.39363
8.5 5.2 7.6 11.8064 5.39363
11 3 7.6 11.8064 5.39363
14 9.3 7.6 11.8064 5.39363
7 3 7.6 11.8064 5.39363
12 3 7.6 11.8064 5.39363
15.5 3 7.6 11.8064 5.39363
2 4 7.6 0 0
0 0 0 0 0
4 11 7.6 2.78692 8.64921
3 10 7.6 2.78692 8.64921
4 10 7.6 2.78692 8.64921
3 5 7.6 2.78692 8.64921
2 9 7.6 2.78692 8.64921
3 13 7.6 2.78692 8.64921
6 4 7.6 2.78692 8.64921
2 5 7.6 2.78692 8.64921
4 9 7.6 2.78692 8.64921
3 12 7.6 2.78692 8.64921
8 10.3 7.6 2.78692 8.64921
4 8 7.6 2.78692 8.64921
3 11 7.6 2.78692 8.64921
4 7 7.6 2.78692 8.64921
2 13 7.6 2.78692 8.64921
3 9 7.6 2.78692 8.64921
2 6 7.6 2.78692 8.64921
3 4 7.6 2.78692 8.64921
2 8 7.6 2.78692 8.64921
3 7 7.6 2.78692 8.64921
2 11 7.6 2.78692 8.64921
4 5 7.6 2.78692 8.64921
3 8 7.6 2.78692 8.64921
4 6 7.6 2.78692 8.64921
2 12 7.6 2.78692 8.64921
2 7 7.6 2.78692 8.64921
3 6 7.6 2.78692 8.64921
4 4 7.6 2.78692 8.64921
2 10 7.6 2.78692 8.64921
4 12 7.6 2.78692 8.64921
13 15 7.6 5.70593 17.1346
4 17 7.6 5.53698 17.1841
3 19 7.6 5.53698 17.1841
11 15 7.6 5.53698 17.1841
11.5 13.5 7.6 5.53698 17.1841
3 15 7.6 5.53698 17.1841
12 15 7.6 5.53698 17.1841
5 18.3 7.6 5.53698 17.1841
2 16 7.6 5.53698 17.1841
3 17 7.6 5.53698 17.1841
7 16 7.6 5.53698 17.1841
4 15 7.6 5.53698 17.1841
8 15 7.6 5.53698 17.1841
2 19 7.6 5.53698 17.1841
4 13 7.6 5.53698 17.1841
7 15 7.6 5.53698 17.1841
3 16 7.6 5.53698 17.1841
4 14 7.6 5.53698 17.1841
2 20 7.6 5.53698 17.1841
5 15 7.6 5.53698 17.1841
2 15 7.6 5.53698 17.1841
9 15 7.6 5.53698 17.1841
4 16 7.6 5.53698 17.1841
3 18 7.6 5.53698 17.1841
7 18 7.6 5.53698 17.1841
3 14 7.6 5.53698 17.1841
2 18 7.6 5.53698 17.1841
4 18 7.6 5.53698 17.1841
10 15 7.6 5.53698 17.1841
10 16.3 7.6 5.53698 17.1841
4 19 7.6 5.53698 17.1841
2 14 7.6 5.53698 17.1841
2 17 7.6 5.53698 17.1841
3 20 7.6 5.53698 17.1841
11 21 7.6 6.91226 19.7345
12 21 7.6 6.91226 19.7345
12.2 22.1 7.6 6.91226 19.7345
13 22 7.6 6.91226 19.7345
2 25 7.6 6.91226 19.7345
3 25 7.6 6.91226 19.7345
4 20 7.6 6.91226 19.7345
10 18 7.6 6.91226 19.7345
9 18 7.6 6.91226 19.7345
2 23 7.6 6.91226 19.7345
2 24 7.6 6.91226 19.7345
4 24 7.6 6.91226 19.7345
5.4 23.3 7.6 6.91226 19.7345
5.4 24.3 7.6 6.91226 19.7345
3 23 7.6 6.91226 19.7345
4 23 7.6 6.91226 19.7345
5.3 21 7.6 6.91226 19.7345
13.5 21.4 7.6 6.91226 19.7345
7 24 7.6 6.91226 19.7345
3 21 7.6 6.91226 19.7345
2 21 7.6 6.91226 19.7345
7 21 7.6 6.91226 19.7345
13.5 17 7.6 6.91226 19.7345
12 18 7.6 6.91226 19.7345
11.7 22.8 7.6 6.91226 19.7345
14 21 7.6 6.91226 19.7345
8.5 22.8 7.6 6.91226 19.7345
11 18 7.6 6.91226 19.7345
9.5 22.2 7.6 6.91226 19.7345
14 20 7.6 6.91226 19.7345
4 22 7.6 6.91226 19.7345
3 24 7.6 6.91226 19.7345
10 21 7.6 6.91226 19.7345
4 21 7.6 6.91226 19.7345
3 22 7.6 6.91226 19.7345
9 21 7.6 6.91226 19.7345
14 18 7.6 6.91226 19.7345
8 18 7.6 6.91226 19.7345
13 18 7.6 6.91226 19.7345
13 21 7.6 6.91226 19.7345
8 21 7.6 6.91226 19.7345
12 17 7.6 6.91226 19.7345
2 22 7.6 6.91226 19.7345
1.5 35 7.6 6.99626 30.2731
2 35 7.6 6.99626 30.2731
6.2 36.5 7.6 6.99626 30.2731
1.5 35.5 7.6 6.99626 30.2731
6.2 37.1 7.6 6.99626 30.2731
2 36 7.6 6.99626 30.2731
4 35 7.6 7.19962 30.0777
4 34 7.6 7.19962 30.0777
4 33 7.6 7.19962 30.0777
3 27 7.6 7.19962 30.0777
3 26 7.6 7.19962 30.0777
4 29 7.6 7.19962 30.0777
3 31 7.6 7.19962 30.0777
3 30 7.6 7.19962 30.0777
2 30 7.6 7.19962 30.0777
4.7 34.5 7.6 7.19962 30.0777
2 29 7.6 7.19962 30.0777
3 29 7.6 7.19962 30.0777
4 30 7.6 7.19962 30.0777
7 36 7.6 7.19962 30.0777
9 33 7.6 7.19962 30.0777
5.2 32 7.6 7.19962 30.0777
2 26 7.6 7.19962 30.0777
4 27 7.6 7.19962 30.0777
2 33 7.6 7.19962 30.0777
10 36 7.6 7.19962 30.0777
9 36 7.6 7.19962 30.0777
5 31 7.6 7.19962 30.0777
4 28 7.6 7.19962 30.0777
2 34 7.6 7.19962 30.0777
8 36 7.6 7.19962 30.0777
7 33 7.6 7.19962 30.0777
4.7 33.5 7.6 7.19962 30.0777
2 28 7.6 7.19962 30.0777
4 31 7.6 7.19962 30.0777
4 32 7.6 7.19962 30.0777
8 33 7.6 7.19962 30.0777
3 35 7.6 7.19962 30.0777
3 32 7.6 7.19962 30.0777
3 33 7.6 7.19962 30.0777
2 27 7.6 7.19962 30.0777
2 32 7.6 7.19962 30.0777
3 28 7.6 7.19962 30.0777
2 31 7.6 7.19962 30.0777
3 34 7.6 7.19962 30.0777
4 26 7.6 7.73894 29.5534
4 36 7.6 7.73894 29.5534
4 25 7.6 8.43746 28.678
4.7 25.5 7.6 8.43746 28.678
7 27 7.6 8.43746 28.678
8 30 7.6 8.43746 28.678
9 30 7.6 8.43746 28.678
7 30 7.6 8.43746 28.678
9 27 7.6 9.00794 27.9562
10 27 7.6 9.00794 27.9562
8 26 7.6 9.00794 27.9562
12 24 7.6 9.00794 27.9562
8 24 7.6 9.00794 27.9562
8 27 7.6 9.00794 27.9562
10 24 7.6 9.00794 27.9562
11 24 7.6 9.00794 27.9562
9 24 7.6 9.00794 27.9562
9.1 26 7.6 9.00794 27.9562
10 26 7.6 9.00794 27.9562
7.5 25.5 7.6 9.00794 27.9562
11 36 7.6 10.1625 29.0631
10 33 7.6 10.1625 29.0631
11 30 7.6 10.1625 29.0631
11 33 7.6 10.1625 29.0631
10 30 7.6 10.1625 29.0631
14 36 7.6 11.8942 29.0127
13 36 7.6 11.8942 29.0127
12 36 7.6 11.8942 29.0127
12 33 7.6 11.8942 29.0127
13 33 7.6 11.8942 29.0127
11 27 7.6 11.8942 29.0127
13 27 7.6 11.8942 29.0127
12 27 7.6 11.8942 29.0127
13 24 7.6 11.8942 29.0127
13 30 7.6 11.8942 29.0127
12 30 7.6 11.8942 29.0127
16 30 7.6 15.3588 28.8298
15 28.6 7.6 15.3588 28.8298
14 30 7.6 15.3588 28.8298
16.9 26.8 7.6 15.3588 28.8298
14 24 7.6 15.3588 28.8298
15 36 7.6 15.3588 28.8298
16 27 7.6 15.3588 28.8298
18.3 27 7.6 15.3588 28.8298
15 33 7.6 15.3588 28.8298
15 24 7.6 15.3588 28.8298
16 33 7.6 15.3588 28.8298
18.3 28 7.6 15.3588 28.8298
19 30 7.6 15.3588 28.8298
17.9 33.3 7.6 15.3588 28.8298
16 24 7.6 15.3588 28.8298
17.2 26.1 7.6 15.3588 28.8298
15 28 7.6 15.3588 28.8298
17.9 25.8 7.6 15.3588 28.8298
15 27 7.6 15.3588 28.8298
14 27 7.6 15.3588 28.8298
14 25 7.6 15.3588 28.8298
17.2 34.1 7.6 15.3588 28.8298
15 30 7.6 15.3588 28.8298
19 35.2 7.6 15.3588 28.8298
18.3 34.5 7.6 15.3588 28.8298
17 24 7.6 15.3588 28.8298
14 29 7.6 15.3588 28.8298
14 33 7.6 15.3588 28.8298
17 36 7.6 15.3588 28.8298
16 36 7.6 15.3588 28.8298
14 28.2 7.6 15.3588 28.8298
27 37 7.6 25.8674 31.6218
30 35 7.6 25.8674 31.6218
30 34 7.6 25.8674 31.6218
30 29 7.6 25.8674 31.6218
30 37 7.6 25.8674 31.6218
26.2 36.5 7.6 25.8674 31.6218
27 36 7.6 25.8674 31.6218
30 38 7.6 25.8674 31.6218
23 35 7.6 25.6419 31.2737
23 34 7.6 25.6419 31.2737
27 33 7.6 25.6419 31.2737
27 32 7.6 25.6419 31.2737
27 31 7.6 25.6419 31.2737
27 30 7.6 25.6419 31.2737
30 31 7.6 25.6419 31.2737
30 30 7.6 25.6419 31.2737
27 38 7.6 25.6419 31.2737
30 36 7.6 25.6419 31.2737
27 34 7.6 25.6419 31.2737
26 31 7.6 25.6419 31.2737
27 35 7.6 25.6419 31.2737
30 32 7.6 25.6419 31.2737
20 35 7.6 25.6419 31.2737
30 33 7.6 25.6419 31.2737
30 28 7.6 25.6419 31.2737
26 34 7.6 25.6419 31.2737
28.5 33.5 7.6 25.6419 31.2737
29 30 7.6 25.6419 31.2737
30 27 7.6 25.2965 30.7803
30 26 7.6 25.2965 30.7803
27 29 7.6 25.2965 30.7803
26 29 7.6 25.2965 30.7803
23.2 31.5 7.6 25.2965 30.7803
26 30 7.6 25.2965 30.7803
28.5 27 7.6 25.2965 30.7803
22.8 32.5 7.6 25.2965 30.7803
21 32 7.6 24.0655 29.2179
20 31 7.6 24.0655 29.2179
22.2 28.2 7.6 24.0655 29.2179
21.5 32.5 7.6 24.0655 29.2179
30 25 7.6 24.0655 29.2179
27 27 7.6 24.0655 29.2179
20 30 7.6 24.0655 29.2179
26 28 7.6 24.0655 29.2179
21.2 27.5 7.6 24.0655 29.2179
27 28 7.6 24.0655 29.2179
26 27 7.6 24.0655 29.2179
20 29 7.6 24.0655 29.2179
20 28 7.6 24.0655 29.2179
22 32 7.6 24.0655 29.2179
20.5 31.5 7.6 24.0655 29.2179
26 25 7.6 23.132 24.3051
27 26 7.6 23.132 24.3051
26 26 7.6 23.132 24.3051
27 23 7.6 23.132 24.3051
26 23 7.6 23.132 24.3051
18 24 7.6 23.132 24.3051
20 26 7.6 23.132 24.3051
27.6 23.6 7.6 23.132 24.3051
27 25 7.6 23.132 24.3051
26 24 7.6 23.132 24.3051
20 27 7.6 23.132 24.3051
29 24 7.6 23.132 24.3051
30 23 7.6 23.132 24.3051
17 21 7.6 22.5712 21.354
30 20 7.6 22.5712 21.354
30 21 7.6 22.5712 21.354
26 21 7.6 22.5712 21.354
27 22 7.6 22.5712 21.354
16 21 7.6 22.5712 21.354
30 22 7.6 22.5712 21.354
26 22 7.6 22.5712 21.354
27 21 7.6 22.5712 21.354
28.5 22 7.6 22.5712 21.354
20 23 7.6 22.5712 21.354
24 21 7.6 22.5712 21.354
15 21 7.6 22.5712 21.354
29.5 20.5 7.6 22.5712 21.354
18 21 7.6 22.5712 21.354
20 25 7.6 22.5712 21.354
20 21 7.6 22.5712 21.354
20 22 7.6 22.5712 21.354
20 24 7.6 22.5712 21.354
20 19 7.6 22.4509 19.4862
27 19 7.6 22.4509 19.4862
26 19 7.6 22.4509 19.4862
21.7 19 7.6 22.4509 19.4862
21.1 20 7.6 22.4509 19.4862
26 20 7.6 22.4509 19.4862
27 20 7.6 22.4509 19.4862
20 20 7.6 22.4509 19.4862
30 19 7.6 22.4509 19.4862
29.5 17.5 7.6 22.4628 17.9754
30 18 7.6 22.4628 17.9754
30 17 7.6 22.4628 17.9754
15.5 18.5 7.6 22.3545 17.9894
15 19 7.6 22.3545 17.9894
26 18 7.6 22.3545 17.9894
27 18 7.6 22.3545 17.9894
17 18 7.6 22.3545 17.9894
15 18 7.6 22.3545 17.9894
16 18 7.6 22.3545 17.9894
20 18 7.6 22.3545 17.9894
18 18 7.6 22.3545 17.9894
26 17 7.6 22.2516 16.7306
20 17 7.6 22.2516 16.7306
20 16 7.6 22.2516 16.7306
20.6 16.5 7.6 22.2516 16.7306
27 17 7.6 22.402 15.8273
26 16 7.6 22.402 15.8273
27 16 7.6 22.402 15.8273
30 16 7.6 22.402 15.8273
16 15 7.6 22.2899 15.047
18 15 7.6 22.2899 15.047
17 15 7.6 22.2899 15.047
20 15 7.6 22.2899 15.047
20 14 7.6 22.4093 14.6234
22.9 14 7.6 22.4093 14.6234
23.2 15 7.6 22.4093 14.6234
26 15 7.6 22.4093 14.6234
27 15 7.6 22.4093 14.6234
26 14 7.6 22.4093 14.6234
27 14 7.6 22.4093 14.6234
30 15 7.6 22.4093 14.6234
27 13 7.6 22.4046 12.7357
26 13 7.6 22.4046 12.7357
20 13 7.6 22.4046 12.7357
29 14 7.6 22.4046 12.7357
30 13 7.6 22.4046 12.7357
27 12 7.6 22.402 11.8273
26 12 7.6 22.402 11.8273
20 12 7.6 22.402 11.8273
30 12 7.6 22.402 11.8273
28 11.3 7.6 22.3823 10.9841
23.9 13 7.6 22.3823 10.9841
26 11 7.6 22.402 10.8273
27 11 7.6 22.402 10.8273
27 10 7.6 22.402 10.8273
26 10 7.6 22.402 10.8273
30 11 7.6 22.402 10.8273
27 7 7.6 22.6632 8.19587
29.3 9.5 7.6 22.6632 8.19587
30 10 7.6 22.6632 8.19587
25.5 7.1 7.6 22.6632 8.19587
26 8 7.6 22.6632 8.19587
27 8 7.6 22.6632 8.19587
30 9 7.6 22.6632 8.19587
24.5 7.1 7.6 22.6632 8.19587
25 8 7.6 22.6632 8.19587
29 4 7.6 22.6632 8.19587
29 5 7.6 22.5114 8.29641
24 6 7.6 22.5114 8.29641
27 9 7.6 22.5114 8.29641
23 6 7.6 22.5114 8.29641
28 9 7.6 22.5114 8.29641
22 3 7.6 22.5114 8.29641
30 8 7.6 22.5114 8.29641
30 7 7.6 22.5114 8.29641
26 9 7.6 22.4431 8.30823
25 3 7.6 22.4431 8.30823
22 4.7 7.6 22.4431 8.30823
26 4 7.6 22.4431 8.30823
22 6 7.6 22.4431 8.30823
24 3 7.6 22.4431 8.30823
26 5 7.6 22.4431 8.30823
27.5 5.2 7.6 22.4431 8.30823
23 3 7.6 22.4431 8.30823
20 3 7.6 21.6752 8.39035
20 3.7 7.6 21.6752 8.39035
21 6 7.6 21.6752 8.39035
20 6 7.6 21.6752 8.39035
21 3 7.6 21.6752 8.39035
20 11 7.6 19.6999 8.99971
19 6 7.6 19.6999 8.99971
20 8 7.6 19.6999 8.99971
20 9 7.6 19.6999 8.99971
18 12.3 7.6 19.6999 8.99971
20 10 7.6 19.6999 8.99971
Total tour distance: 101.592
