0.0000 0.0000
8.6588 3.8235
12.2740 5.4199
15.1232 5.8718
19.1188 6.6316
19.9321 7.2006
21.0069 6.8000
22.0037 6.7991
22.9977 6.7981
23.8961 6.7986
25.0149 6.7942
26.4186 6.7887
26.5440 10.0487
26.6816 13.6261
26.9107 16.6792
27.1753 20.2048
27.4262 23.2481
27.6357 28.2576
28.0696 34.7268
21.6273 31.8166
19.1775 30.7100
17.7458 31.6129
16.8480 31.9204
15.7068 32.4268
14.2777 32.5850
11.7299 32.8672
8.8650 33.1141
6.5445 33.3156
4.5025 33.1708
4.6191 28.5300
4.7422 23.6307
7.5822 24.0232
10.4764 24.4232
13.5611 24.4254
14.4718 24.3231
16.7735 23.9925
17.5637 20.9150
17.9310 19.4844
17.5709 17.3870
17.0594 14.4069
16.3124 14.2954
12.4862 14.2792
10.8145 14.2403
9.6756 14.2138
8.2741 14.0901
6.7041 15.1687
4.2489 16.9369
2.8305 10.9847
1.4951 5.8023
