Decoded TSP tour:
1.6 14.7 5.78 6.07969 16.3397
3.5 15.1 5.78 6.07969 16.3397
4.5 15.4 5.78 6.07969 16.3397
4.4 16.9 5.78 6.07969 16.3397
2.4 15.3 5.78 6.07969 16.3397
2.5 16.5 5.78 6.07969 16.3397
0.3 16.4 5.78 6.07969 16.3397
9.6 12.8 5.78 6.94227 14.2931
8.2 13.4 5.78 6.94227 14.2931
11.6 13 5.78 6.94227 14.2931
11.7 15.3 5.78 6.94227 14.2931
12.6 13.4 5.78 6.94227 14.2931
12.7 14.8 5.78 6.94227 14.2931
9.8 10.8 5.78 6.84007 11.3812
10.3 12.6 5.78 6.84007 11.3812
10.4 11.3 5.78 6.84007 11.3812
7.3 11.2 5.78 6.84007 11.3812
6.4 11.2 5.78 6.84007 11.3812
11.7 11.5 5.78 6.84007 11.3812
12.6 10.9 5.78 6.84007 11.3812
9.4 9.5 5.78 6.60997 10.3159
10.3 9.2 5.78 6.60997 10.3159
8.6 10.7 5.78 6.60997 10.3159
6.3 8.6 5.78 6.60997 10.3159
11.5 9.5 5.78 6.60997 10.3159
12.3 9.3 5.78 6.60997 10.3159
1.5 11.1 5.78 5.46627 8.46105
0.7 11.4 5.78 5.46627 8.46105
5.4 7.2 5.78 4.56335 6.99674
4.7 6.8 5.78 4.56335 6.99674
4.7 8.7 5.78 4.56335 6.99674
3.6 7.3 5.78 4.56335 6.99674
3.7 8.4 5.78 4.56335 6.99674
2.7 7.3 5.78 4.56335 6.99674
2.5 9.4 5.78 4.56335 6.99674
1.3 9.5 5.78 4.56335 6.99674
0.6 8.4 5.78 4.56335 6.99674
3.3 3.4 5.78 3.94748 5.68378
2.6 3.4 5.78 3.94748 5.68378
4.7 1.1 5.78 3.94748 5.68378
1.7 1.2 5.78 3.94748 5.68378
4.8 5 5.78 3.94748 5.68378
2.3 0.9 5.78 3.94748 5.68378
5.4 4.6 5.78 3.94748 5.68378
0.6 7.5 5.78 3.94748 5.68378
1.5 7.5 5.78 3.94748 5.68378
2.6 5 5.78 3.94748 5.68378
1.5 3.2 5.78 3.94748 5.68378
3.6 5.4 5.78 3.94748 5.68378
0.3 1.2 5.78 3.94748 5.68378
0.3 4.8 5.78 3.94748 5.68378
0.3 3.2 5.78 3.94748 5.68378
1.5 4.6 5.78 3.94748 5.68378
3.4 1.1 5.78 3.94748 5.68378
5.3 2.5 5.78 3.94748 5.68378
4.2 3.4 5.78 3.94748 5.68378
5.4 1.2 5.78 7.84705 5.18506
12.3 1.5 5.78 7.84705 5.18506
11.5 1.4 5.78 7.63995 5.35645
10.4 2.5 5.78 7.63995 5.35645
12.5 6.8 5.78 7.63995 5.35645
9.5 2.8 5.78 7.63995 5.35645
10.7 6.5 5.78 7.63995 5.35645
9.4 7.4 5.78 7.63995 5.35645
6.4 3.2 5.78 7.63995 5.35645
9.8 5 5.78 7.63995 5.35645
6.6 1.6 5.78 7.63995 5.35645
11.7 6.5 5.78 7.63995 5.35645
8.5 3.4 5.78 7.63995 5.35645
8.8 4.9 5.78 7.63995 5.35645
7.5 4.4 5.78 7.63995 5.35645
10.3 5.4 5.78 7.63995 5.35645
7.5 0.7 5.78 7.63995 5.35645
12.5 3.4 5.78 7.63995 5.35645
9.4 0.8 5.78 7.63995 5.35645
12.7 4.9 5.78 7.63995 5.35645
11.3 3.1 5.78 7.63995 5.35645
8.6 0.6 5.78 7.63995 5.35645
11.5 4.7 5.78 7.63995 5.35645
8.5 6.5 5.78 7.47465 5.50802
10.7 0.9 5.78 7.47465 5.50802
7.4 3.2 5.78 7.47465 5.50802
6.4 5.4 5.78 7.13029 5.95839
6.6 6.8 5.78 6.87928 6.28667
7.4 6.7 5.78 6.87928 6.28667
4.3 11.2 5.78 6.53234 10.3379
3.6 10.8 5.78 6.53234 10.3379
5.3 9.5 5.78 6.53234 10.3379
5.6 10.5 5.78 6.53234 10.3379
7.7 9.3 5.78 6.53234 10.3379
8.3 8.9 5.78 6.53234 10.3379
2.4 11.2 5.78 6.53234 10.3379
7.7 12.7 5.78 6.37967 12.6381
0.6 12.7 5.78 6.37967 12.6381
1.7 12.5 5.78 6.57355 14.1848
2.7 13.4 5.78 6.57355 14.1848
8.7 15.4 5.78 6.57355 14.1848
5.4 13.2 5.78 6.57355 14.1848
5.5 14.6 5.78 6.57355 14.1848
10.4 15.1 5.78 6.57355 14.1848
4.4 13.1 5.78 6.57355 14.1848
7.5 15.1 5.78 6.57355 14.1848
6.3 12.4 5.78 6.57355 14.1848
3.5 12.6 5.78 6.57355 14.1848
8.7 17.3 5.78 6.72033 16.9619
10.6 16.8 5.78 6.72033 16.9619
9.5 17.4 5.78 6.72033 16.9619
9.3 15.6 5.78 6.72033 16.9619
7.6 17.1 5.78 6.72033 16.9619
6.4 16.8 5.78 6.72033 16.9619
11.4 16.9 5.78 6.72033 16.9619
12.5 16.9 5.78 6.72033 16.9619
10.6 19.2 5.78 6.63374 19.8021
11.3 19.3 5.78 6.63374 19.8021
8.5 18.8 5.78 6.63374 19.8021
9.3 18.5 5.78 6.63374 19.8021
7.7 19.2 5.78 6.63374 19.8021
4.3 20.6 5.78 6.63374 19.8021
6.7 22.9 5.78 6.63803 22.7918
3.4 22.5 5.78 6.63803 22.7918
5.5 22.5 5.78 6.63803 22.7918
4.3 22.7 5.78 6.63803 22.7918
5.8 25.2 5.78 6.01672 25.4647
6.5 24.8 5.78 6.01672 25.4647
0.5 26.6 5.78 6.01672 25.4647
2.6 23.5 5.78 6.01672 25.4647
4.7 24.8 5.78 6.01672 25.4647
1.3 22.7 5.78 5.63767 25.6954
4.5 26.7 5.78 5.63767 25.6954
0.7 28.7 5.78 5.63767 25.6954
0.6 22.9 5.78 5.63767 25.6954
3.7 26.6 5.78 5.63767 25.6954
3.3 24.6 5.78 5.63767 25.6954
0.6 24.9 5.78 5.63767 25.6954
3.3 28.4 5.78 5.63767 25.6954
2.6 25.5 5.78 5.63767 25.6954
2.4 26.7 5.78 5.63767 25.6954
2.3 28.7 5.78 5.63767 25.6954
1.6 27.4 5.78 5.63767 25.6954
4.3 28.8 5.78 5.63767 25.6954
1.5 24.6 5.78 5.63767 25.6954
1.7 29.4 5.78 5.63767 25.6954
5.4 26.6 5.78 5.63767 25.6954
11.4 29.4 5.78 12.7 29
12.7 27.3 5.78 12.7 29
12.7 29 0 12.7 29
11.6 27.1 5.78 9.90533 27.2629
9.5 27.1 5.78 9.90533 27.2629
9.4 28.4 5.78 9.90533 27.2629
8.7 29.3 5.78 9.90533 27.2629
12.5 25.3 5.78 9.90533 27.2629
10.6 26.4 5.78 9.90533 27.2629
10.4 29.1 5.78 9.90533 27.2629
9.4 24.5 5.78 8.98839 26.4716
12.7 23 5.78 8.98839 26.4716
10.4 25.6 5.78 8.98839 26.4716
8.7 26.4 5.78 8.98839 26.4716
8.7 24.9 5.78 8.98839 26.4716
11.3 24.6 5.78 8.98839 26.4716
6.7 28.8 5.78 6.76259 25.961
6.7 26.7 5.78 6.76259 25.961
7.3 28.6 5.78 6.76259 25.961
7.4 26.5 5.78 6.76259 25.961
7.3 24.7 5.78 6.76259 25.961
5.3 29.5 5.78 6.76259 25.961
9.5 23.5 5.78 7.12973 22.6889
11.7 22.5 5.78 7.12973 22.6889
8.7 23 5.78 7.12973 22.6889
10.5 22.8 5.78 7.12973 22.6889
10.4 21.5 5.78 7.12973 22.6889
7.5 23.4 5.78 7.12973 22.6889
7.4 21.2 5.78 7.12973 22.6889
9.4 20.9 5.78 6.96656 21.1702
8.4 21.2 5.78 6.96656 21.1702
6.4 21.3 5.78 6.96656 21.1702
5.3 21.1 5.78 6.96656 21.1702
11.5 20.6 5.78 6.96656 21.1702
12.7 20.9 5.78 6.96656 21.1702
12.5 19.5 5.78 6.96656 21.1702
4.4 18.9 5.78 6.11265 19.3192
1.5 21.3 5.78 6.11265 19.3192
6.6 19.2 5.78 6.11265 19.3192
3.3 21.4 5.78 6.11265 19.3192
2.4 20.9 5.78 6.11265 19.3192
2.5 19.5 5.78 6.11265 19.3192
5.4 19.4 5.78 6.11265 19.3192
0.5 20.7 5.78 6.11265 19.3192
3.7 18.6 5.78 6.02299 18.1902
3.5 17.5 5.78 6.02299 18.1902
5.3 17.4 5.78 6.02299 18.1902
1.6 17.2 5.78 6.02299 18.1902
1.6 18.8 5.78 6.02299 18.1902
0.3 19 5.78 6.02299 18.1902
0.7 15.2 5.78 6.23108 16.3381
6.3 15.5 5.78 6.23108 16.3381
Total tour distance: 61.2978
