1.0044 26.3176
1.8376 26.8334
1.6227 27.4085
1.2280 28.4648
1.9187 28.8649
3.2632 28.9541
4.2832 29.0288
4.9086 29.0746
4.2314 26.8275
4.9129 26.2888
5.0666 25.2469
5.8007 25.2165
6.5014 25.1874
6.9866 25.1857
7.0537 26.6026
7.1399 28.4250
8.6608 28.7233
9.3714 28.7772
10.4172 28.8566
11.4268 28.9278
12.7000 29.0000
12.2750 27.4139
12.1277 26.8640
12.0290 25.6351
11.2916 25.1780
10.2685 25.9825
9.5819 26.5278
9.1742 26.0694
9.0598 24.7068
9.0146 23.8139
8.4338 23.5117
7.6338 23.1239
6.7827 22.7241
6.0671 22.3879
6.6549 21.8188
7.4677 21.7111
8.4498 21.5809
9.3016 21.4696
10.1516 21.9446
10.7478 22.2778
11.7105 22.4366
12.3476 22.5418
12.1314 20.9786
12.0583 20.4503
11.9913 19.7745
11.2912 19.3134
10.7651 18.9566
9.5529 18.1294
9.2426 17.9176
8.7733 17.8734
8.2111 18.2993
7.5532 18.6409
6.9457 18.7367
7.0474 17.2697
6.9582 16.6499
7.0290 15.4352
6.7111 15.1046
5.8747 14.2382
5.1250 13.4674
4.5847 12.9182
4.0167 12.3409
3.9225 11.2797
5.4003 11.0425
6.1250 11.5745
6.5228 11.8666
7.2569 11.7764
7.9590 12.4155
8.4932 12.9018
9.8458 12.9576
9.2138 15.1352
10.0825 15.5830
10.8060 16.2599
11.4740 16.3498
12.1491 16.4406
12.1303 15.2930
12.1226 14.8206
12.0675 13.4209
12.0597 12.9916
12.0369 11.4949
12.0268 10.8256
11.9874 9.7862
10.5366 9.7274
10.2824 10.7340
9.3339 10.0743
8.7890 10.1537
8.2680 9.1925
8.8222 7.3821
8.9425 6.5651
9.0743 5.4088
9.6386 5.5551
10.1926 5.7335
10.9398 5.9740
12.2068 6.3018
12.1574 5.0994
12.0479 4.5156
11.9466 3.5671
11.8611 2.9611
11.8732 1.8899
11.3834 1.6989
10.7964 1.4700
10.1562 1.9759
9.6641 2.2457
9.1080 1.2989
8.4534 1.1592
7.8877 1.1288
8.0045 3.1024
7.7435 3.4545
7.4706 3.8227
6.8519 2.8977
6.3232 2.1075
5.5839 1.9964
5.1801 1.7346
4.6471 1.6756
3.3590 1.5609
2.3745 1.4732
1.7202 1.5151
0.7373 1.5780
0.9640 2.9836
0.8180 3.4566
0.7195 4.4023
1.5067 4.4338
2.3728 4.4685
2.8189 3.9350
3.3275 3.9075
3.8747 3.8778
4.0061 4.9886
5.1748 5.1324
6.0386 5.8407
6.8542 6.5096
5.2286 7.0340
5.7531 8.4129
5.2590 8.9234
4.7624 8.5969
3.5727 7.8774
2.6846 7.8527
1.0890 7.8083
1.1739 8.3309
1.7271 9.2402
1.9909 9.6738
1.8875 10.9327
1.2306 11.6294
1.1589 12.5522
2.1491 13.5752
1.8338 15.1837
1.1402 15.5746
0.8512 16.2259
1.7287 16.6364
2.3987 16.2989
3.7069 15.6398
4.1352 15.8484
4.5040 16.8622
4.7268 17.4744
4.0183 17.7560
4.2767 18.5603
4.8364 19.5283
4.7565 20.6330
4.7220 21.1091
4.1659 22.1377
3.6647 21.9861
3.2426 21.4447
2.6782 20.6915
2.0928 19.9103
1.4387 19.3551
0.7223 19.3947
0.9380 20.6465
1.0229 21.3419
1.1420 22.6991
2.1207 23.8232
2.7243 24.5482
2.2936 25.0098
1.6288 25.1622
1.0145 25.3029
