10.4456 24.4517
9.9649 23.5817
9.5591 22.4782
9.8253 21.1974
9.6246 19.7898
9.3450 18.2959
9.6112 16.9835
9.8350 15.1795
9.7876 13.4784
9.7124 10.7816
9.5684 9.6466
9.3796 7.5913
9.7124 6.1373
10.0396 4.3992
10.1370 3.4167
8.0279 3.2407
5.7718 3.0525
2.5105 3.0617
3.0985 6.6346
3.4113 8.6868
3.5100 11.2021
3.4813 12.4752
3.4934 14.4591
3.6319 15.9693
3.0763 17.2028
3.1821 18.7861
3.3900 20.6923
3.5533 21.7984
3.4464 23.1288
3.2893 25.0826
3.1479 27.1639
5.7550 27.5923
9.0609 28.2624
12.7000 29.0000
