Decoded TSP tour:
3.6 10.8 22 5.17667 8.99295
7.3 11.2 18.1 5.17667 8.99295
5.6 10.5 25 5.17667 8.99295
5.3 9.5 19.1 5.17667 8.99295
4.3 11.2 10 5.17667 8.99295
4.7 8.7 4.1 5.17667 8.99295
6.4 11.2 12 5.17667 8.99295
6.3 12.4 4 5.17667 8.99295
2.7 7.3 3 5.17667 8.99295
2.5 9.4 11.1 4.9482 8.66507
3.7 8.4 3.1 4.9482 8.66507
1.5 7.5 4 4.9482 8.66507
3.3 3.4 20.1 2.95632 6.32313
3.4 1.1 18.1 2.95632 6.32313
4.2 3.4 10.1 2.95632 6.32313
0.3 4.8 20 2.95632 6.32313
3.6 5.4 18.1 2.95632 6.32313
0.3 1.2 18.1 2.95632 6.32313
0.6 7.5 17.1 2.95632 6.32313
4.8 5 21.1 2.95632 6.32313
1.7 1.2 10 2.95632 6.32313
1.5 4.6 22 2.95632 6.32313
1.5 3.2 14.1 2.95632 6.32313
5.3 2.5 9.1 2.95632 6.32313
5.4 4.6 24 2.95632 6.32313
2.3 0.9 8 2.95632 6.32313
2.6 5 9.1 2.95632 6.32313
2.6 3.4 4.1 2.95632 6.32313
0.3 3.2 4.1 2.95632 6.32313
3.6 7.3 22 2.95632 6.32313
2.4 11.2 8 1.61525 12.2766
1.7 12.5 18.1 1.61525 12.2766
1.5 11.1 2 1.61525 12.2766
1.3 9.5 7 1.61525 12.2766
0.7 11.4 12.1 1.61525 12.2766
0.6 8.4 8.1 1.61525 12.2766
0.6 12.7 1.1 1.61525 12.2766
4.4 13.1 16 2.49306 13.0428
2.7 13.4 5.1 2.49306 13.0428
5.4 13.2 3.1 2.49306 13.0428
3.5 12.6 1.1 2.49306 13.0428
0.7 15.2 7.1 3.40251 15.1223
1.6 14.7 11 3.40251 15.1223
3.5 15.1 0.1 3.40251 15.1223
0.3 16.4 19 3.42458 17.1204
1.6 17.2 21.1 3.42458 17.1204
5.5 14.6 9.1 3.42458 17.1204
2.4 15.3 3.1 3.42458 17.1204
2.5 16.5 10 3.42458 17.1204
4.5 15.4 20.1 3.42458 17.1204
4.4 16.9 1 3.42458 17.1204
6.4 16.8 6 3.5 17.5
5.3 17.4 8 3.5 17.5
3.5 17.5 0 3.5 17.5
6.4 21.3 20 4.35341 19.0614
6.6 19.2 8.1 4.35341 19.0614
3.7 18.6 17 4.35341 19.0614
4.4 18.9 24 4.35341 19.0614
5.4 19.4 1.1 4.35341 19.0614
1.3 22.7 22.1 2.4 20.9
1.5 21.3 6 2.4 20.9
2.4 20.9 0 2.4 20.9
5.5 22.5 14.1 2.4 20.9
2.5 19.5 6 2.4 20.9
2.6 23.5 8 2.4 20.9
3.3 21.4 7 2.4 20.9
0.6 22.9 14 2.4 20.9
0.5 20.7 19 2.4 20.9
3.4 22.5 5 2.4 20.9
0.3 19 19.1 2.4 20.9
4.3 20.6 21.1 2.4 20.9
1.6 18.8 10 2.4 20.9
4.3 22.7 8 2.4 20.9
5.3 21.1 15.1 2.4 20.9
1.6 27.4 19.1 0.571344 26.5299
1.5 24.6 5 0.571344 26.5299
1.7 29.4 22 0.571344 26.5299
3.7 26.6 21.1 0.571344 26.5299
3.3 24.6 9.1 0.571344 26.5299
3.3 28.4 7.1 0.571344 26.5299
2.3 28.7 13 0.571344 26.5299
2.6 25.5 11 0.571344 26.5299
2.4 26.7 11 0.571344 26.5299
0.6 24.9 4.1 0.571344 26.5299
0.7 28.7 22.1 0.571344 26.5299
0.5 26.6 0.1 0.571344 26.5299
5.3 29.5 24 7.22569 27.5025
5.4 26.6 19.1 7.22569 27.5025
8.7 29.3 21 7.22569 27.5025
4.5 26.7 21.1 7.22569 27.5025
4.3 28.8 4 7.22569 27.5025
6.7 28.8 14.1 7.22569 27.5025
7.3 28.6 1.1 7.22569 27.5025
4.7 24.8 24 7.47068 26.0628
5.8 25.2 22.1 7.47068 26.0628
7.4 26.5 18 7.47068 26.0628
7.3 24.7 8 7.47068 26.0628
6.7 22.9 22 7.47068 26.0628
6.5 24.8 19.1 7.47068 26.0628
6.7 26.7 1 7.47068 26.0628
12.7 23 4.1 9.58677 24.8616
9.4 24.5 16.1 9.58677 24.8616
9.5 23.5 3.1 9.58677 24.8616
11.3 24.6 14.1 9.58677 24.8616
7.5 23.4 15.1 9.58677 24.8616
10.5 22.8 15.1 9.58677 24.8616
10.4 25.6 8.1 9.58677 24.8616
8.7 23 11 9.58677 24.8616
8.7 24.9 12.1 9.58677 24.8616
8.7 26.4 9.1 9.58677 24.8616
10.4 29.1 17.1 11.5201 27.1601
10.6 26.4 17 11.5201 27.1601
9.5 27.1 21 11.5201 27.1601
9.4 28.4 5.1 11.5201 27.1601
12.5 25.3 5 11.5201 27.1601
12.7 27.3 3.1 11.5201 27.1601
11.6 27.1 0.1 11.5201 27.1601
11.4 29.4 25.1 12.7 29
12.7 29 0 12.7 29
8.4 21.2 24 10.4945 19.9909
8.5 18.8 23 10.4945 19.9909
7.4 21.2 20.1 10.4945 19.9909
7.7 19.2 23 10.4945 19.9909
9.4 20.9 9.1 10.4945 19.9909
10.4 21.5 16 10.4945 19.9909
10.6 19.2 11 10.4945 19.9909
11.5 20.6 14 10.4945 19.9909
11.7 22.5 14.1 10.4945 19.9909
11.3 19.3 6.1 10.4945 19.9909
12.7 20.9 21 10.4945 19.9909
12.5 19.5 5.1 10.4945 19.9909
8.7 17.3 13.1 10.5574 17.3756
9.5 17.4 17 10.5574 17.3756
9.3 18.5 9.1 10.5574 17.3756
10.6 16.8 19.1 10.5574 17.3756
11.7 15.3 18 10.5574 17.3756
11.4 16.9 15 10.5574 17.3756
12.5 16.9 2 10.5574 17.3756
7.6 17.1 19.1 9.25581 14.9309
10.4 15.1 18 9.25581 14.9309
9.3 15.6 5.1 9.25581 14.9309
7.7 12.7 23 9.25581 14.9309
8.7 15.4 17 9.25581 14.9309
6.3 15.5 11 9.25581 14.9309
12.6 13.4 4 9.25581 14.9309
12.6 10.9 9 9.25581 14.9309
9.6 12.8 5 9.25581 14.9309
12.7 14.8 9 9.25581 14.9309
9.8 10.8 8.1 9.25581 14.9309
10.3 12.6 10 9.25581 14.9309
10.4 11.3 24 9.25581 14.9309
11.6 13 12 9.25581 14.9309
11.7 11.5 9.1 9.25581 14.9309
8.2 13.4 18 9.25581 14.9309
7.5 15.1 23.1 9.25581 14.9309
8.5 6.5 24.1 8.59293 5.52024
8.8 4.9 12 8.59293 5.52024
9.8 5 13 8.59293 5.52024
10.7 6.5 12 8.59293 5.52024
10.3 5.4 2 8.59293 5.52024
7.5 4.4 14.1 8.46115 3.64931
8.5 3.4 3.1 8.46115 3.64931
9.4 0.8 3 8.46115 3.64931
5.4 1.2 23 8.50902 2.59793
6.6 1.6 18 8.50902 2.59793
7.5 0.7 14.1 8.50902 2.59793
9.5 2.8 19 8.50902 2.59793
10.7 0.9 23.1 8.50902 2.59793
4.7 1.1 20.1 8.50902 2.59793
8.6 0.6 2 8.50902 2.59793
10.4 2.5 19 8.9163 3.11304
11.5 1.4 3.1 8.9163 3.11304
12.5 6.8 14.1 9.56569 4.19164
12.5 3.4 10.1 9.56569 4.19164
12.7 4.9 23 9.56569 4.19164
12.3 1.5 5 9.56569 4.19164
11.3 3.1 7 9.56569 4.19164
11.7 6.5 20.1 9.56569 4.19164
11.5 4.7 2 9.56569 4.19164
10.3 9.2 4 7.33252 7.07454
11.5 9.5 21 7.33252 7.07454
12.3 9.3 13.1 7.33252 7.07454
9.4 7.4 19 7.33252 7.07454
9.4 9.5 13 7.33252 7.07454
7.4 3.2 9 7.33252 7.07454
7.4 6.7 8 7.33252 7.07454
6.4 3.2 5.1 7.33252 7.07454
6.6 6.8 7.1 7.33252 7.07454
6.4 5.4 8 7.33252 7.07454
6.3 8.6 20 6.52597 7.99356
7.7 9.3 10.1 6.52597 7.99356
8.6 10.7 14 6.52597 7.99356
8.3 8.9 9 6.52597 7.99356
5.4 7.2 3.1 6.52597 7.99356
4.7 6.8 3 6.52597 7.99356
Total tour distance: 77.0731
