75.4221 10.2402
86.7156 10.2632
91.2721 11.4369
92.5598 12.3592
90.4073 20.4097
85.1823 27.5079
82.2853 36.1398
82.3603 38.4483
86.7988 42.1754
87.1459 49.2978
87.6129 58.8798
88.0263 68.3098
88.2036 72.1999
86.1337 76.0701
88.3568 84.2986
89.2481 89.5782
77.5671 89.9411
66.8381 89.0033
61.0753 84.7877
54.6919 88.2111
50.7007 90.3515
41.7345 84.7701
33.3360 89.8985
28.4549 88.6508
25.2161 88.6930
15.9522 90.0957
8.1994 91.2697
8.6591 83.3986
9.1110 75.6620
10.4895 72.9886
18.6410 68.4998
16.8898 64.5081
14.6990 59.5146
10.9947 58.2365
11.6715 49.1863
8.9379 41.4224
2.2831 35.5085
8.9504 17.7973
7.4358 9.4433
19.7041 9.4759
27.5535 9.1442
28.5483 11.8543
30.0538 18.1202
29.0739 27.6771
31.3843 38.3317
33.2375 46.8777
37.4188 52.2878
40.9489 60.2969
47.9627 61.4058
52.7862 62.1684
57.6250 62.8002
61.6714 60.3428
66.4338 56.1198
65.2236 52.3447
63.9061 48.6036
53.6947 35.1492
52.8414 29.5901
51.3891 20.1288
49.6279 9.8613
55.8738 10.0432
62.1210 10.1062
