27.0935 93.5945
23.2448 94.8910
18.3710 91.3421
13.8438 91.8370
15.4206 94.7837
16.6030 94.5802
17.2006 96.2147
16.6998 97.2896
12.6395 97.6962
3.6871 98.5927
0.9770 97.1120
2.7626 93.6255
2.9447 93.2700
3.2148 92.2521
2.5275 88.6140
1.5368 83.3695
8.1951 83.3059
8.3816 81.7588
4.3883 74.7390
1.0892 71.0245
2.1066 66.8970
2.6377 62.5948
5.5621 62.1437
7.4961 61.8454
8.5485 64.1932
9.5740 65.8625
14.1659 70.2256
16.1078 71.8065
20.4121 75.3105
17.5329 77.8100
17.2737 80.6458
19.5862 82.0428
23.0462 84.2548
24.1629 80.4503
25.6194 80.3086
27.1695 79.9823
29.7950 79.6405
26.5065 74.0615
24.2204 70.1829
23.2561 68.5470
17.7037 61.2094
18.6542 60.9988
19.5358 60.8026
23.4586 59.9298
24.5407 59.6889
25.5161 59.4717
29.9936 54.6366
30.3638 54.2368
32.3679 60.5437
32.6742 61.5076
40.3400 59.2212
41.8497 58.7709
43.5205 58.6811
43.9886 55.4592
41.2954 52.5465
37.5525 49.4277
38.1996 48.6459
37.8828 46.0216
33.9994 45.2449
31.7499 43.7236
34.3334 38.9078
32.8527 39.0163
28.6783 41.7876
26.5305 41.2828
23.7043 39.8714
17.8480 36.9467
17.5257 40.8812
17.2654 44.0601
20.8280 47.2270
23.0068 48.0717
22.8460 49.3229
22.2622 53.6806
22.0873 54.9858
18.6162 53.7139
16.9942 52.9898
13.7815 51.9901
12.5957 53.7006
13.3631 57.7753
11.1517 57.7015
10.0601 56.1562
8.6179 54.1145
4.0609 53.5724
2.6133 51.0424
10.2365 47.4031
9.5069 43.5627
11.8596 43.1509
12.8063 41.5167
11.4070 37.8293
10.2678 38.9391
9.4974 39.6895
7.2045 41.9272
3.1406 38.1500
2.2831 35.5085
1.0329 35.1456
3.3844 28.1964
3.3871 27.0374
2.8738 25.4596
2.4093 24.0315
3.9135 21.2509
1.0774 19.5453
2.1359 16.3700
0.9539 12.3523
2.5743 10.5995
4.5220 8.4925
2.9522 5.7494
1.6118 3.4071
4.9595 3.4020
8.5654 3.3966
10.6880 3.8787
12.6636 4.3274
12.1577 10.8303
14.3042 11.1653
16.1733 12.1679
17.0147 17.1610
15.6131 17.8339
11.6031 19.6695
13.5972 22.6499
15.0585 23.4449
15.9164 25.0633
19.4421 28.1558
19.3395 29.2437
20.0068 30.0510
22.6712 33.2744
23.3617 33.1304
25.3951 32.7061
27.3978 28.9398
27.2650 25.8864
26.6866 24.6421
26.3581 20.9892
26.0997 18.0645
26.8289 17.2423
24.4532 14.4608
24.1447 12.6420
23.1641 8.7747
24.9726 6.7963
23.1333 4.4490
21.4117 2.2570
19.8508 0.2696
23.2322 0.7955
32.2296 2.1948
36.2946 8.3975
37.3237 9.9678
35.8829 17.4562
33.4417 21.4227
31.7894 22.5131
32.8170 30.2354
36.7779 32.1006
37.0921 31.0819
37.7362 27.5889
38.5799 23.0141
40.2136 20.1698
41.2927 20.3020
42.6388 23.8521
47.3450 25.4453
45.1046 30.5011
49.1012 32.8669
46.9186 40.8581
55.5931 36.7149
57.0002 36.0429
59.2535 35.1676
56.7378 32.7688
56.1926 31.7215
60.8173 27.5365
61.7187 20.0187
58.7256 15.7309
56.6959 17.7736
54.7196 20.4436
48.4777 19.9595
49.7460 17.0089
49.4385 16.3764
44.2432 13.5888
46.8468 8.9151
43.4711 3.9665
47.5120 2.5814
48.5731 2.2176
51.3451 5.4546
52.4429 5.6505
57.2368 6.5059
56.8492 1.9360
60.6314 1.0596
61.5031 0.8576
65.0509 2.7927
68.9179 4.9019
68.3810 8.4860
68.1219 13.7137
68.9703 14.9339
75.1250 17.4155
76.4353 22.0736
77.6484 18.5467
77.9725 17.6045
78.1556 15.8539
77.7832 13.9462
77.0620 10.2524
75.4182 7.5473
75.3488 5.9720
88.7152 2.1770
95.7148 2.6541
97.8846 5.1531
98.2845 7.3333
91.7484 10.3996
89.2911 11.0116
89.1324 12.5136
88.2875 15.0054
87.3156 17.8720
90.2541 20.0702
93.0821 19.6155
97.4368 17.2577
98.0330 21.9475
98.2116 23.3524
98.0681 24.5334
96.5866 24.1125
87.5531 24.1670
83.4306 24.1918
83.5139 27.6311
85.7598 31.1015
88.5744 31.9321
95.7587 38.2996
95.4668 41.2363
95.3353 42.5587
92.4389 41.5733
91.1388 42.6733
89.4793 43.9909
90.1822 45.9284
89.7536 47.4727
86.8836 48.2537
82.8246 45.8489
82.3900 43.8362
83.9314 41.9210
81.7538 38.9235
80.2068 36.7938
79.9483 32.8238
77.6693 29.3576
74.9963 32.7462
74.3482 35.9378
73.5573 39.8654
75.4985 41.7517
77.0907 43.2989
74.6811 45.4761
74.2026 48.1523
72.4413 47.2163
70.1624 46.7115
69.9768 44.0289
61.5634 41.9123
54.5272 45.6255
54.6449 52.4231
57.8874 54.0430
61.4586 53.5366
58.8259 58.1242
57.5300 60.3823
56.4154 62.1603
58.9973 62.9560
59.8610 67.4928
60.5861 71.3012
65.6024 69.0362
66.2859 67.6852
67.0090 66.2559
69.2221 64.1407
65.5693 60.2404
65.5686 58.9933
67.9928 55.7081
69.1305 55.8926
69.6686 56.9410
70.8259 57.1206
75.2847 57.8123
76.0658 55.7428
76.6259 54.2589
79.2162 51.4858
80.5852 53.7919
82.8892 57.6731
88.4473 55.9174
95.8876 58.7308
93.2210 68.0881
88.6915 66.4577
85.1467 62.6080
82.5410 61.8574
81.8627 63.0127
79.0224 68.5940
81.9903 71.3714
84.2386 75.5307
85.9403 75.9440
87.0208 76.2176
89.1078 77.1466
94.6087 74.0833
97.2777 72.5970
95.4493 79.1649
97.9682 82.1956
92.9001 87.7478
93.5344 89.6940
95.5651 95.9249
91.0708 95.2756
87.7848 96.2068
86.4887 96.5743
75.6730 99.6409
74.9571 97.2681
76.7915 92.6441
78.2790 90.6649
81.0116 88.4666
83.2683 87.9460
84.0061 85.4878
84.8739 82.5961
82.4185 80.6882
80.0471 79.3309
79.5015 76.8422
78.3439 74.5107
77.3535 75.8607
76.6492 77.6944
75.4558 80.8017
73.7675 81.5548
66.9657 80.5843
61.8361 76.1846
60.5090 76.9372
60.4614 77.8712
60.3456 80.1470
61.0218 81.3201
63.3855 85.4204
66.8360 93.2031
66.8400 96.9156
65.5493 97.7131
60.2807 95.5974
57.9831 93.9603
55.0431 95.4498
53.7598 98.4807
51.8761 98.5054
49.7079 98.0148
49.8589 95.8443
50.3799 92.7492
50.7140 90.7646
49.2333 88.7210
53.6269 89.2952
53.4365 87.1357
53.0958 83.2721
51.2123 83.1558
50.3296 80.4334
48.6823 81.7760
47.4954 83.3125
44.9650 86.5883
43.7186 85.1412
42.7872 82.9190
43.3137 82.0397
43.7988 81.7748
44.1714 80.4019
42.6473 75.1848
46.9143 71.5450
51.4394 67.6850
51.7445 64.9717
48.7099 63.3256
45.0000 66.0397
42.5944 67.7995
37.3076 70.1467
35.2535 79.7935
37.3921 81.3977
35.3851 83.7761
37.8415 86.0912
40.4786 86.0130
39.9591 94.0253
34.7909 99.6532
34.1747 93.3942
33.3622 90.5352
32.5024 87.4367
28.7557 89.7932
28.7407 90.5870
28.7133 92.0344
