90.5242 66.2504
92.8925 68.9658
95.6418 72.0950
96.2469 72.7837
96.2269 78.9778
96.1023 82.0494
93.8767 87.4783
94.1819 89.7604
94.9068 95.1824
91.0308 95.0024
88.6969 94.8940
87.0664 93.6309
82.7685 87.9009
83.7676 85.3526
84.9644 82.2999
87.2427 77.8567
86.6386 76.7331
84.4427 77.6959
82.6223 78.2820
80.0358 77.7081
79.5418 77.1970
78.8250 76.5178
78.2119 75.1963
80.6332 71.5052
77.6021 69.9908
69.9695 66.1741
65.8315 67.4668
62.3275 68.5614
61.8169 72.2840
61.2608 76.3384
62.1399 79.5319
64.4137 83.3973
67.3105 82.9427
74.7051 82.9183
75.8680 89.8195
75.5775 92.9436
75.1275 97.7822
68.8867 94.9678
67.1136 96.1977
65.2655 97.0415
59.6021 95.7144
57.9922 95.3371
55.6286 96.6534
53.6816 97.7376
50.3352 97.7121
50.4804 95.9192
50.7383 92.7348
50.9010 88.8561
52.2533 88.0322
52.9224 86.3222
52.9052 83.3762
50.2088 81.4662
47.8624 83.6430
44.9323 86.3615
42.5621 85.0635
43.2265 82.8873
43.7287 81.2423
43.4649 80.7919
41.1209 76.7895
37.5024 80.2272
36.3320 81.3391
35.4047 84.0618
34.6335 86.3265
36.3939 87.8128
38.4711 93.8003
35.0291 97.7792
33.2364 94.5495
31.9095 92.6304
27.8008 91.5843
26.4953 93.0895
23.1575 94.0648
19.1799 92.2568
16.9838 95.4937
13.0300 92.9971
11.4863 97.0595
4.3569 97.2041
2.0594 96.3968
3.2739 93.1897
4.9122 88.8637
8.2163 82.6222
2.5649 81.6903
3.0635 74.7380
2.1731 71.4601
4.1159 68.2122
7.3233 65.3977
7.2218 61.8178
3.3332 60.5257
3.8799 54.6295
4.1254 51.9813
10.9326 49.8420
11.4410 51.5892
11.3460 53.0569
11.8572 54.7411
12.3108 58.1130
17.7980 62.0766
15.7687 69.4671
18.7359 75.2507
18.4825 77.6539
18.2216 80.1040
20.0784 81.2384
22.9369 83.1335
24.7291 80.3341
28.1279 78.7430
26.6810 73.8243
25.5894 70.1135
25.3384 69.3508
34.1922 67.8747
31.6073 60.3085
29.6133 55.3771
25.8360 58.6818
24.2943 57.4490
21.8496 55.4943
19.3446 54.3687
19.7585 52.3581
21.9796 49.1223
24.1397 47.0633
26.9137 44.4193
32.0511 45.0831
32.6423 39.6186
25.6597 35.2807
23.8848 34.6736
22.5267 38.3575
18.5903 38.2483
16.8996 40.3285
14.9580 42.7174
12.6020 42.1858
10.2326 41.6512
8.7989 41.1678
9.6840 38.7059
3.9337 37.0188
2.2832 35.5085
3.3231 28.1878
3.4799 26.6697
3.7448 24.1049
3.9016 21.2848
2.5602 19.1068
2.5319 16.3899
2.4957 12.9120
3.4453 10.8165
4.4455 8.6089
3.0300 5.7786
1.9369 3.5930
4.9633 3.6119
8.6751 3.6351
11.6235 4.4260
12.2346 10.5546
13.9628 11.2813
15.6024 12.4020
15.6841 16.1470
14.4060 17.2517
11.9468 19.3774
14.3815 21.9634
16.5513 24.2681
20.1223 28.5485
23.9645 24.3959
25.3631 19.6015
25.3780 17.4987
24.6901 14.8649
24.8410 12.6027
25.1469 8.0150
22.7402 6.6819
22.0310 4.6601
20.9283 1.5164
23.1189 1.7521
32.4264 2.7534
38.8849 7.7305
43.0540 5.1431
48.1373 2.4871
50.5025 5.3049
48.0832 8.3746
43.8948 13.6889
40.6605 17.7333
37.4784 18.8412
36.7100 21.5730
34.3140 22.7289
32.0057 23.8425
29.4068 26.0042
30.6148 27.9065
32.5536 29.3986
36.1960 29.2674
38.0091 30.6293
44.4910 31.2242
47.6488 31.5141
46.4009 26.8822
44.4610 24.3262
44.9555 23.2247
47.7447 20.4563
49.9528 18.2646
50.8279 18.3075
55.0085 18.5124
61.2529 18.4883
60.2239 13.6463
58.8048 7.4250
57.7619 2.5396
61.6711 2.4665
64.5383 3.7480
69.7463 5.4399
72.8246 6.4399
69.9902 9.4184
69.1253 13.4366
69.9580 15.0257
75.8683 20.8706
77.0752 17.9130
78.1004 15.3879
78.7714 13.4696
79.7679 10.6205
88.8682 2.4718
95.6805 4.5428
97.2299 5.7214
97.5456 7.4906
90.5558 12.0018
90.1946 14.4897
95.2866 17.9787
96.4093 18.8611
97.2317 22.0570
97.7350 24.0130
92.3215 21.6268
90.0984 20.7478
87.6029 19.8581
86.1591 23.7065
83.7940 25.1413
81.2636 27.6636
79.6665 29.2557
81.3079 31.1679
85.1079 31.9375
88.3445 32.5929
93.9788 38.5750
94.2484 41.0320
94.5122 43.4360
92.3525 44.5957
90.1804 46.4663
87.6967 46.6748
86.5424 44.7460
84.5350 42.7278
80.5962 38.7678
79.7868 43.3613
79.3357 45.9208
78.4748 47.9669
74.9665 47.3737
71.1089 46.7215
71.6325 45.1995
74.0811 41.4809
72.8101 36.2677
71.6272 33.2597
62.2460 30.1596
56.8730 32.6751
57.1041 36.4226
59.3398 36.9634
59.7610 40.6814
53.0797 43.0289
47.6350 43.5272
45.9511 43.6812
39.9196 46.6891
39.3983 49.3207
40.9446 52.5093
42.4512 55.6161
42.5294 58.0947
42.6031 60.4289
43.4670 65.4883
44.9886 67.9461
46.4059 69.1800
47.3132 69.2214
50.6402 67.4462
50.2486 65.2178
50.0350 64.0018
55.9279 61.9591
58.0872 61.2107
57.9291 58.8729
56.3471 55.1295
55.7736 53.7723
61.7377 54.4411
65.5632 58.5094
68.1156 56.6179
70.9864 56.1297
74.2879 55.6174
76.0738 56.2600
79.7376 55.5627
81.4259 58.8697
82.5918 61.1533
84.8545 60.2477
88.8127 57.8704
94.5315 59.3121
