128.4733 96.7080
119.0629 96.3058
116.9207 94.7402
114.7031 93.0677
112.4742 91.3755
110.2611 89.6627
108.0521 87.9334
105.8414 86.2026
103.6307 84.4717
100.4175 81.9559
99.1713 83.1863
97.1870 85.1809
95.2042 87.1890
93.9455 88.4638
98.0170 93.2779
101.1280 94.7248
103.1069 95.6451
103.1910 97.1042
103.3058 99.0976
103.4163 101.0164
103.4445 103.7428
101.8685 103.1984
100.0000 100.0000
98.1755 103.1778
96.0093 103.2734
94.8169 100.0330
93.8183 97.4583
93.0745 95.5407
90.1095 91.9970
89.0792 93.0530
87.0689 95.0670
85.0379 97.0585
83.0079 99.0351
81.9999 100.0165
84.9437 103.0986
86.9071 105.1180
88.8710 107.1378
90.8738 109.1147
92.8929 111.0849
94.9243 113.0391
96.9747 114.9592
99.0421 116.8758
100.2754 118.0190
103.2769 115.2236
105.3695 113.3104
107.5163 111.4437
109.6731 109.6145
111.8747 107.8442
114.1491 106.2071
116.4474 104.6682
118.7591 103.1759
120.9665 101.7509
128.5781 101.4064
128.8858 104.1261
129.0279 106.0710
129.1720 108.0433
129.2748 110.0077
129.2960 111.9935
129.2775 113.9856
129.2380 115.9685
129.1560 117.9535
129.0469 119.9327
128.9074 121.9077
128.7398 123.8927
128.5709 125.8765
128.3065 128.9360
125.9573 129.0405
123.9629 129.1292
121.9693 129.2142
119.9730 129.2922
117.9762 129.3684
115.9795 129.4437
113.9828 129.5172
111.9859 129.5882
109.9892 129.6566
107.9924 129.7195
105.9951 129.7739
103.9973 129.8171
101.9989 129.8468
100.0001 129.8613
98.0012 129.8605
96.0017 129.8438
94.0029 129.8219
92.0045 129.7897
90.0073 129.7469
88.0122 129.6893
86.0171 129.6108
84.0254 129.5233
82.0354 129.4173
80.0469 129.2966
78.0549 129.1638
76.0617 129.0329
74.0629 128.9055
71.5710 128.7623
71.2250 125.8542
70.9922 123.8975
70.7897 121.9385
70.6353 119.9543
70.4925 117.9703
70.3727 115.9831
70.2822 113.9916
70.2229 111.9948
70.1759 109.9965
70.1361 107.9983
70.1106 105.9992
70.0963 103.9996
70.0876 102.0001
70.0900 100.0006
70.1038 98.0015
70.1328 96.0031
70.1795 94.0057
70.2423 92.0088
70.3146 90.0144
70.4060 88.0215
70.5114 86.0289
70.6240 84.0398
70.7510 82.0510
70.8858 80.0631
71.0277 78.0736
71.1704 76.0817
71.3095 74.0902
71.5002 71.3226
74.0856 71.1260
76.0735 70.9749
78.0526 70.8528
80.0412 70.7301
82.0284 70.6179
84.0219 70.5264
86.0146 70.4436
88.0111 70.3778
90.0072 70.3190
92.0040 70.2740
94.0027 70.2451
96.0016 70.2233
98.0010 70.2090
99.9999 70.2101
101.9987 70.2112
103.9972 70.2232
105.9959 70.2483
107.9942 70.2813
109.9925 70.3224
111.9894 70.3690
113.9853 70.4265
115.9787 70.4951
117.9668 70.5804
119.9430 70.6934
121.9239 70.8563
123.8948 71.0314
125.8938 71.2353
128.6460 71.4720
128.5628 73.9517
128.4938 76.0054
128.5014 78.1364
128.6745 80.0389
128.7327 82.0223
128.7678 84.0132
128.7890 85.9962
128.7828 87.9825
128.7543 89.9659
128.7001 91.9477
128.6205 93.9270
