Decoded TSP tour:
99 95 2 98.9644 96.0372
101 95 2 100.965 96.1009
105 97 2 103.384 96.178
103 95 2 103.384 96.178
105 95 2 103.384 96.178
105 99 2 103.472 99.0469
105 101 2 103.493 101.016
103 105 2 103.521 103.654
105 103 2 103.521 103.654
105 105 2 103.521 103.654
101 105 2 101.093 103.504
99 105 2 99.0575 103.429
97 105 2 96.0859 103.32
95 103 2 96.0859 103.32
95 105 2 96.0859 103.32
95 101 2 96.2938 102.525
100 100 0 100 100
95 99 2 96.5505 97.7367
97 95 2 96.7081 95.9597
95 95 2 96.7081 95.9597
95 97 2 96.7081 95.9597
Total tour distance: 32.816
