99.8692 81.9957
100.9659 83.0628
102.9967 85.0389
105.0271 86.9997
107.0463 88.9648
109.0511 90.9465
112.0023 93.9049
105.6523 96.5600
104.1882 97.1722
102.7398 96.9820
100.7813 96.7351
98.8341 96.4897
96.5710 96.2377
96.4849 99.6602
100.0000 100.0000
103.1069 101.6451
103.1771 103.0886
103.2252 104.0780
100.9337 104.2930
98.9556 104.4538
96.0725 104.6881
93.7555 112.0150
90.7184 109.2195
88.7011 107.3628
86.8184 105.2654
84.9368 103.1694
83.0659 101.0592
81.9940 99.8448
84.0397 94.3963
71.2299 85.5772
71.0382 88.0795
70.9014 90.0622
70.7783 92.0482
70.6708 94.0363
70.5708 96.0286
70.4918 98.0195
70.4231 100.0146
70.3680 102.0102
70.3385 104.0050
70.3218 106.0027
70.3295 107.9987
70.3495 109.9965
70.3960 111.9908
70.4672 113.9833
70.5620 115.9732
70.6877 117.9564
70.8450 119.9327
71.0036 121.9199
71.1624 123.9071
71.3047 125.9072
71.5018 128.6791
74.0874 128.8812
76.0662 129.0141
78.0505 129.1292
80.0389 129.2298
82.0305 129.3189
84.0239 129.3982
86.0189 129.4693
88.0143 129.5300
90.0115 129.5854
92.0085 129.6317
94.0060 129.6678
96.0031 129.6876
98.0018 129.6994
100.0002 129.7009
101.9986 129.6917
103.9959 129.6669
105.9941 129.6345
107.9925 129.5972
109.9912 129.5576
111.9916 129.5224
116.0770 129.4505
114.9904 128.6521
101.1135 118.4558
99.9651 117.6277
97.9937 116.1584
102.7818 114.4138
104.8443 112.6492
106.9185 110.7921
108.9323 108.8772
110.8019 106.8790
112.6355 104.7978
114.4300 102.7610
116.1564 97.9939
118.7637 101.1757
129.2116 112.1620
129.3525 109.9586
129.4771 107.9673
129.5898 105.9768
129.6967 103.9837
129.7957 101.9899
129.8908 99.9948
130.1062 95.0023
130.2349 92.0101
130.3224 90.0141
130.4147 88.0192
130.5193 86.0273
130.6584 84.0463
130.8154 82.0646
131.0171 80.1047
131.2423 78.1426
131.4866 76.1856
131.7189 74.2013
131.9056 72.6072
137.4010 69.9082
139.0133 71.2162
141.1932 72.9848
143.3617 74.7614
145.5110 76.5633
147.6315 78.4041
149.7139 80.3030
151.7662 82.2407
153.7929 84.2097
155.8017 86.1941
157.7776 88.2121
159.7245 90.2536
161.6344 92.3286
163.5188 94.4256
165.3806 96.5307
168.0348 99.6288
166.8420 100.9708
164.9665 103.0810
163.0910 105.1899
161.2143 107.2958
159.3327 109.3950
157.4404 111.4821
155.5265 113.5502
153.5825 115.5968
151.6240 117.6245
149.6313 119.6201
147.6091 121.5827
145.5544 123.5075
143.4696 125.3938
141.3566 127.2426
139.2188 129.0587
137.0601 130.8502
135.6053 132.0393
131.8975 129.3678
131.5276 127.6677
131.1021 125.7548
130.6718 123.8484
129.8133 120.0450
129.2892 117.8694
121.6940 128.9367
123.9376 130.1185
126.9887 131.7255
132.0087 135.8134
130.9297 137.1077
129.1294 139.2673
127.3203 141.4169
125.4872 143.5539
123.6396 145.6775
121.7572 147.7811
119.8661 149.8794
117.9751 151.9775
116.0844 154.0750
114.2106 156.1829
112.3664 158.3064
110.5647 160.4607
108.7919 162.6338
107.0388 164.8242
105.3011 167.0145
103.6397 169.1452
103.1111 188.3371
106.1204 188.5949
108.1122 188.7778
110.0950 188.9586
112.0783 189.1389
114.0541 189.2892
116.0387 189.4223
118.0265 189.5358
120.0188 189.6396
122.0113 189.7201
124.0068 189.7829
126.0041 189.8314
128.0025 189.8689
130.0014 189.8964
132.0009 189.9189
134.0005 189.9344
136.0003 189.9442
138.0001 189.9484
140.0000 189.9485
141.9999 189.9456
143.9998 189.9401
145.9997 189.9325
147.9996 189.9233
149.9995 189.9120
151.9994 189.8997
153.9992 189.8850
155.9988 189.8671
157.9984 189.8459
159.9975 189.8187
161.9968 189.7884
163.9955 189.7522
165.9932 189.7057
167.9901 189.6494
169.9874 189.5882
171.9826 189.5166
173.9784 189.4397
175.9733 189.3569
177.9664 189.2658
179.9603 189.1704
181.9525 189.0688
183.9405 188.9556
185.9298 188.8356
188.4968 188.6808
188.7392 185.8905
188.9040 183.9089
189.0548 181.9280
189.1992 179.9418
189.3297 177.9559
189.4394 175.9691
189.5341 173.9778
189.6140 171.9845
189.6866 169.9886
189.7447 167.9926
189.7916 165.9951
189.8329 163.9965
189.8675 161.9977
189.8971 159.9985
189.9207 157.9991
189.9390 155.9994
189.9547 153.9996
189.9667 151.9998
189.9753 149.9999
189.9816 147.9999
189.9862 146.0000
189.9900 144.0000
189.9927 142.0000
189.9946 140.0000
189.9960 138.0000
189.9970 136.0000
189.9979 134.0000
189.9985 132.0000
189.9989 130.0000
189.9992 128.0000
189.9994 126.0000
189.9996 124.0000
189.9997 122.0000
189.9998 120.0000
189.9998 118.0000
189.9999 116.0000
189.9999 114.0000
190.0000 112.0000
190.0000 108.0000
190.0000 104.0000
190.0000 99.0000
190.0000 96.0000
190.0000 93.0000
189.9999 90.0000
189.9999 88.0000
189.9999 86.0000
189.9998 83.0000
189.9996 80.0000
189.9994 78.0000
189.9992 76.0000
189.9989 74.0000
189.9986 72.0000
189.9982 70.0000
189.9975 68.0000
189.9967 66.0000
189.9957 64.0000
189.9944 62.0000
189.9928 60.0000
189.9910 58.0000
189.9886 56.0000
189.9859 54.0000
189.9820 52.0000
189.9776 50.0000
189.9722 48.0001
189.9644 46.0001
189.9529 44.0003
189.9397 42.0004
189.9232 40.0006
189.9020 38.0010
189.8749 36.0017
189.8372 34.0031
189.7896 32.0050
189.7369 30.0069
189.6762 28.0098
189.6098 26.0130
189.5406 24.0159
189.4684 22.0192
189.3882 20.0246
189.2950 18.0330
189.1952 16.0403
189.0823 14.0521
188.9489 11.7015
185.8793 11.4451
183.8922 11.2774
181.9073 11.1120
179.9238 10.9535
177.9392 10.8034
175.9547 10.6691
173.9654 10.5423
171.9773 10.4399
169.9841 10.3493
167.9896 10.2735
165.9937 10.2150
163.9959 10.1651
161.9975 10.1248
159.9986 10.0950
157.9991 10.0705
155.9995 10.0514
153.9997 10.0380
151.0000 10.0180
148.0000 10.0129
146.0000 10.0099
144.0000 10.0079
141.0000 10.0054
137.0000 10.0031
134.0000 10.0018
131.0000 10.0011
128.0000 10.0005
125.0000 10.0004
122.0000 10.0003
119.0000 10.0002
116.0000 10.0001
114.0000 10.0001
111.0000 10.0001
108.0000 10.0000
105.0000 10.0000
102.0000 10.0000
99.0000 10.0000
95.0000 10.0000
91.0000 10.0000
87.0000 10.0000
83.0000 10.0000
80.0000 10.0000
77.0000 10.0000
73.0000 10.0000
69.0000 10.0001
65.0000 10.0002
62.0000 10.0004
60.0000 10.0005
58.0000 10.0007
56.0000 10.0009
54.0000 10.0012
52.0000 10.0016
50.0000 10.0022
48.0000 10.0032
46.0000 10.0048
44.0000 10.0074
42.0000 10.0110
40.0000 10.0154
38.0000 10.0200
34.0013 10.0640
32.0033 10.1189
30.0048 10.1738
28.0086 10.2443
26.0133 10.3260
24.0197 10.4197
22.0311 10.5353
20.0422 10.6621
18.0614 10.7883
16.0744 10.9448
14.0925 11.1100
11.4970 11.3263
11.2606 14.1072
11.1014 16.0885
10.9628 18.0674
10.8415 20.0515
10.7368 22.0388
10.6404 24.0310
10.5520 26.0245
10.4697 28.0194
10.4003 30.0139
10.3421 32.0100
10.2922 34.0073
10.2490 36.0054
10.2092 38.0042
10.1736 40.0031
10.1435 42.0022
10.1162 44.0016
10.0926 46.0011
10.0729 48.0007
10.0579 50.0004
10.0462 52.0003
10.0362 54.0002
10.0287 56.0001
10.0231 58.0001
10.0188 60.0000
10.0151 62.0000
10.0120 64.0000
10.0093 66.0000
10.0070 68.0000
10.0054 70.0000
10.0043 72.0000
10.0033 74.0000
10.0025 76.0000
10.0019 78.0000
10.0014 80.0000
10.0011 82.0000
10.0007 85.0000
10.0005 88.0000
10.0003 91.0000
10.0002 95.0000
10.0001 98.0000
10.0000 101.0000
10.0000 105.0000
10.0000 108.0000
10.0001 110.0000
10.0001 112.0000
10.0001 114.0000
10.0001 116.0000
10.0002 118.0000
10.0003 120.0000
10.0005 122.0000
10.0007 124.0000
10.0010 126.0000
10.0014 128.0000
10.0022 130.0000
10.0031 132.0000
10.0042 134.0000
10.0057 136.0000
10.0083 138.0000
10.0115 140.0000
10.0154 142.0000
10.0206 143.9999
10.0271 145.9999
10.0349 147.9999
10.0440 149.9998
10.0546 151.9997
10.0669 153.9996
10.0816 155.9994
10.0976 157.9992
10.1159 159.9989
10.1387 161.9984
10.1638 163.9979
10.1921 165.9973
10.2262 167.9961
10.2632 169.9951
10.3042 171.9938
10.3507 173.9918
10.4020 175.9897
10.4557 177.9877
10.5380 179.9777
10.6622 181.9585
10.8230 183.9330
11.0047 185.9075
11.2366 188.4281
14.1319 188.7285
16.1005 188.9100
18.0755 189.0706
20.0591 189.2209
22.0432 189.3534
24.0305 189.4671
26.0213 189.5643
28.0140 189.6424
30.0094 189.7065
32.0068 189.7636
34.0043 189.8092
36.0028 189.8459
38.0018 189.8756
40.0012 189.8998
42.0008 189.9189
44.0005 189.9355
46.0003 189.9476
48.0002 189.9566
50.0001 189.9633
52.0001 189.9682
54.0000 189.9712
56.0000 189.9733
58.0000 189.9735
60.0000 189.9727
62.0000 189.9708
63.9999 189.9668
65.9999 189.9616
67.9998 189.9549
69.9998 189.9466
71.9997 189.9362
73.9994 189.9214
75.9990 189.9010
77.9982 189.8731
79.9971 189.8375
81.9947 189.7876
83.9923 189.7306
85.9879 189.6596
87.9809 189.5710
89.9679 189.4541
91.9526 189.3164
93.7854 188.9439
95.8418 188.6947
98.9105 188.3228
98.3291 171.0991
96.7352 168.9289
95.0906 166.6895
93.4117 164.4754
91.6563 162.3031
89.7929 160.1898
87.8850 158.1086
85.9441 156.0540
83.9801 154.0194
82.0059 151.9942
80.0116 149.9884
78.0112 147.9888
76.0069 145.9931
74.0032 143.9968
72.0011 141.9989
70.0008 139.9992
68.0008 137.9992
66.0015 135.9986
64.0026 133.9974
62.0042 131.9958
60.0069 129.9931
58.0113 127.9888
56.0184 125.9818
54.0301 123.9705
52.0494 121.9518
50.0748 119.9278
48.1123 117.8933
46.1663 115.8454
44.2438 113.7770
42.3387 111.6944
40.4486 109.5997
38.5705 107.4947
36.7030 105.3863
34.8497 103.2634
33.0057 101.1361
31.9997 99.9651
35.1786 96.8408
36.7442 94.6464
38.5876 92.5241
40.4634 90.4213
42.3576 88.3376
44.2925 86.2878
46.2707 84.2775
48.2901 82.3077
50.3441 80.3711
52.4092 78.4563
54.5083 76.5741
56.6133 74.7103
58.7389 72.8753
60.8813 71.0667
62.1825 69.9917
69.2569 80.1432
69.9701 77.9901
71.1640 74.3858
71.7619 72.5850
72.2809 71.0221
70.3613 69.5340
65.9945 66.1487
67.0624 64.9339
69.0670 62.6535
70.4534 60.3897
72.2879 58.2555
74.1575 56.1489
76.0989 54.0962
78.0701 52.0692
80.0555 50.0563
82.0693 48.0714
84.0974 46.1020
86.1411 44.1503
88.1998 42.2174
90.2763 40.3088
92.3791 38.4271
94.4862 36.5566
96.6102 34.7014
99.7355 31.9824
101.0831 33.1028
103.2441 34.8996
105.3971 36.7087
107.5379 38.5299
109.6581 40.3788
111.7515 42.2681
113.8221 44.1879
115.8729 46.1289
117.8859 48.1141
119.8847 50.1123
121.8562 52.1374
123.8072 54.1798
125.7311 56.2429
127.6186 58.3328
129.4699 60.4541
131.2934 62.5830
134.0043 65.8688
128.9935 68.2717
125.8075 68.7707
123.8554 69.0762
121.9245 69.2781
118.9803 69.5343
114.9933 69.7502
111.9948 69.8804
108.0005 70.0136
106.0013 70.0579
104.0015 70.0910
102.0015 70.1174
100.0017 70.1410
98.0017 70.1646
96.0026 70.1914
94.0037 70.2241
92.0050 70.2619
90.0066 70.3052
88.0081 70.3511
86.0152 70.4226
84.0285 70.5296
82.0587 70.6959
80.0912 70.8960
77.6395 71.1455
87.9853 90.0001
89.0685 88.9956
91.2366 86.9849
93.6114 85.1990
96.0170 84.0321
