85.0441 96.9874
83.0984 99.0408
81.9888 100.2117
84.9807 102.9144
87.1090 104.8369
88.3638 106.0334
93.3765 101.8321
94.8888 98.9418
96.0659 96.6923
98.1751 96.8220
100.0000 100.0000
101.8323 96.8186
103.7304 96.5454
103.6258 98.9399
103.5391 100.9242
103.3891 103.8147
100.9181 104.7930
97.4608 106.1618
95.5221 106.9307
91.9933 109.8369
93.0735 111.0193
95.0021 113.0467
96.9561 115.0821
99.7700 118.0133
101.0179 116.8996
103.1060 115.0114
105.1591 113.0978
107.2059 111.1608
109.2159 109.1973
111.1856 107.1978
113.1278 105.1662
115.0650 103.1398
116.9682 101.0571
118.0013 99.9266
115.0964 96.8545
113.1512 94.8060
111.1968 92.7717
109.2130 90.7864
107.1924 88.8372
105.1473 86.9003
103.0819 84.9956
100.9964 83.1099
99.7519 81.9846
96.7862 84.8218
94.7893 86.7977
92.8198 88.8045
90.8597 90.8314
88.9227 92.8747
86.9894 94.9304
