131.5838 72.2993
131.2225 74.2115
130.8911 76.1268
130.6155 78.0630
130.4145 80.0268
130.2861 82.0157
130.1222 85.0026
129.9121 89.9969
129.8413 91.9951
129.7802 93.9944
129.7295 95.9931
129.6784 97.9916
129.6262 99.9895
129.5703 101.9870
129.5097 103.9842
129.4456 105.9802
129.3743 107.9749
129.2945 109.9675
129.2028 111.9565
129.0945 113.9393
128.9616 115.9228
128.7762 118.4181
113.9965 107.8813
115.5991 103.8410
118.0069 100.1666
116.9275 99.2090
114.8400 97.2134
112.8074 95.2099
111.5207 93.9417
106.8781 97.6874
105.7885 99.4795
104.0031 103.2662
103.1178 103.2080
101.6605 103.1122
100.0000 100.0000
98.1610 103.1845
96.3546 103.5286
96.3643 101.0053
96.3720 99.0315
96.4326 96.3956
99.9916 94.9575
103.7499 93.4388
108.0137 90.2340
106.8900 89.1341
104.8751 87.1321
102.8640 85.1566
100.8376 83.2101
99.5159 81.9405
95.9500 83.9095
92.1425 86.0051
85.5560 71.2565
88.0731 71.0873
90.1618 70.9470
92.0732 70.7637
94.0494 70.5742
96.0268 70.4040
99.0067 70.2198
102.0020 70.0346
105.9892 69.8061
107.9835 69.6954
109.9770 69.5873
111.9675 69.4765
113.9535 69.3534
115.9310 69.2113
117.9059 69.0385
119.8826 68.8451
121.8519 68.6449
123.8304 68.4286
125.8170 68.2142
127.7344 68.0177
132.0130 64.2277
130.9095 62.9206
129.0784 60.7933
127.2229 58.6834
125.3420 56.5917
123.4377 54.5158
121.5070 52.4639
119.5593 50.4200
117.5831 48.4099
115.5731 46.4344
113.5430 44.4731
111.4895 42.5432
109.4101 40.6468
107.3148 38.7616
105.2118 36.8818
103.1049 35.0047
100.9962 33.1278
99.7045 31.9780
96.6734 34.7393
94.5864 36.6429
92.5024 38.5492
90.4331 40.4673
88.3737 42.3985
86.3301 44.3463
84.2924 46.3043
82.2696 48.2765
80.2976 50.2913
78.3827 52.3551
76.5234 54.4619
74.6892 56.5931
72.7901 58.7091
70.8691 60.7989
67.9985 63.9220
76.8517 68.2631
80.0089 69.8113
78.0961 70.3446
74.3953 71.3940
72.6848 71.8791
70.5113 74.0665
68.9136 71.2358
64.3077 67.9762
62.8297 69.0955
60.6724 70.8343
58.5189 72.6243
56.4130 74.4710
54.3331 76.3657
52.2879 78.3038
50.2751 80.2801
48.2770 82.2771
46.3049 84.2976
44.3690 86.3484
42.4489 88.4167
40.5547 90.5035
38.6813 92.6068
36.8166 94.7205
34.9685 96.8432
33.1234 98.9732
31.9781 100.2954
34.6991 103.3840
36.5775 105.4833
38.4740 107.5691
40.3937 109.6339
42.3282 111.6915
44.2887 113.7211
46.2705 115.7336
48.2717 117.7273
50.2836 119.7126
52.3088 121.6826
54.3575 123.6224
56.4479 125.5019
58.5642 127.3560
60.6758 129.2443
62.8424 130.8931
64.3338 132.0280
68.0855 129.4214
68.2944 127.7826
68.5422 125.8381
68.7595 123.8819
68.9473 121.9080
69.1196 119.9367
69.2623 117.9528
69.3895 115.9652
69.5031 113.9740
69.6073 111.9806
69.7056 109.9872
69.7921 107.9915
69.9149 104.9983
70.1135 100.0043
70.1895 98.0072
70.2655 96.0110
70.3482 94.0162
70.4412 92.0223
70.5420 90.0318
70.6589 88.0422
70.7863 86.0534
70.9214 84.0624
71.0566 82.0682
71.2167 79.5874
88.0110 90.2098
85.7808 93.8663
84.3267 96.2033
81.9992 99.9437
83.0235 101.0647
84.9358 103.1361
86.8780 105.1557
88.8215 107.1766
90.8319 109.1545
92.8622 111.1004
94.9067 113.0485
96.9539 114.9985
99.0015 116.9484
100.1088 118.0030
103.9825 115.9668
106.2838 114.4231
109.8998 111.9975
118.3442 128.8783
115.8877 129.2425
113.9901 129.5238
111.9855 129.5652
109.9865 129.6317
107.9889 129.7047
105.9913 129.7796
102.9981 129.8975
99.0009 130.0496
96.0064 130.1631
94.0105 130.2420
92.0162 130.3286
90.0236 130.4269
88.0322 130.5371
86.0455 130.6564
84.0641 130.7938
82.0867 130.9534
80.1146 131.1328
78.1422 131.3324
76.1690 131.5430
74.2025 131.7585
72.2948 131.9782
67.9820 135.7321
69.1182 136.9897
71.0070 139.0978
72.8893 141.2059
74.7710 143.3108
76.6606 145.4034
78.5577 147.4938
80.4663 149.5717
82.4003 151.6225
84.3659 153.6442
86.3501 155.6544
88.3576 157.6381
90.3972 159.5836
92.4642 161.4991
94.5659 163.3613
96.6911 165.2022
98.8366 167.0036
100.0234 168.0001
103.2691 165.1637
105.3949 163.3071
107.5052 161.4406
109.6126 159.5647
111.7039 157.6727
113.7641 155.7475
115.7863 153.7803
117.7678 151.7710
119.7127 149.7267
121.6284 147.6562
123.5171 145.5641
125.3830 143.4543
127.2225 141.3275
129.0517 139.1889
130.8527 137.0389
132.0350 135.6277
128.8141 131.6105
125.8716 130.2850
123.9080 129.4004
129.0358 124.9011
130.0639 123.9990
131.9046 127.3895
135.7955 132.0105
137.0868 130.9193
139.2347 129.0977
141.3699 127.2656
143.4898 125.4154
145.5819 123.5348
147.6516 121.6229
149.6969 119.6808
151.7200 117.7122
153.7143 115.7148
155.6962 113.7010
157.6520 111.6656
159.5662 109.5983
161.4629 107.5118
163.1737 105.3470
164.8157 103.1249
168.0005 100.0436
166.9785 99.0133
165.0496 96.8459
163.1877 94.7072
161.3438 92.5647
159.4765 90.4658
157.5670 88.4003
155.6231 86.3589
153.6522 84.3394
151.6604 82.3380
149.6448 80.3623
147.6152 78.3975
145.5514 76.4839
143.4645 74.5902
141.3464 72.7538
139.2045 70.9387
137.0465 69.1510
135.6110 67.9618
131.9008 70.6220
