Decoded TSP tour:
52.4868 76.7112 20 50.8039 77.0392
43.8826 75.9979 20 50.8039 77.0392
45.9641 75.3688 20 50.8039 77.0392
49.2006 76.9507 20 50.8039 77.0392
48.983 68.0819 20 50.8039 77.0392
51.8016 75.703 20 50.8039 77.0392
40.4865 81.1571 20 50.8039 77.0392
54.7669 92.2955 20 51.8759 79.8895
51.7256 96.5364 20 51.8759 79.8895
49.4377 97.2967 20 51.8759 79.8895
55.7501 90.9204 20 51.8759 79.8895
58.5938 93.1559 20 51.8759 79.8895
39.8932 90.3099 20 51.8759 79.8895
58.9163 98.6093 20 51.8759 79.8895
10.3023 79.8884 20 22.5583 83.8827
23.1597 94.9905 20 22.5583 83.8827
20.2618 95.6762 20 22.5583 83.8827
20.6017 86.4535 20 22.5583 83.8827
24.3845 97.9078 20 22.5583 83.8827
28.9665 91.9377 20 22.5583 83.8827
23.6028 87.8385 20 22.5583 83.8827
30.0971 94.8571 20 22.5583 83.8827
12.3083 95.4158 20 22.5583 83.8827
10.637 99.9415 20 22.5583 83.8827
37.3536 96.1953 20 23.9313 82.0332
16.1744 80.778 20 23.9313 82.0332
30.1948 77.474 20 27.8748 77.081
32.3555 77.0833 20 27.8748 77.081
31.2288 79.8774 20 27.8748 77.081
38.9502 86.0589 20 27.8748 77.081
36.3459 87.5975 20 27.8748 77.081
33.9375 71.0554 20 27.8748 77.081
10.7375 78.3995 20 20.4228 69.8917
8.96414 75.7729 20 20.4228 69.8917
19.1922 67.8913 20 20.4228 69.8917
14.9981 70.4396 20 20.4228 69.8917
16.2822 64.6587 20 20.4228 69.8917
1.40176 76.0724 20 20.4228 69.8917
27.2942 67.3647 20 22.5743 69.1926
27.8589 70.297 20 22.5743 69.1926
4.81189 71.4816 20 22.5743 69.1926
22.7782 61.9188 20 23.2822 57.5786
25.7268 62.8752 20 23.2822 57.5786
18.6014 58.3359 20 23.2822 57.5786
27.0359 58.1176 20 23.2822 57.5786
42.2918 54.3177 20 23.2822 57.5786
5.35045 59.2458 20 23.2822 57.5786
22.3262 58.4529 20 23.2822 57.5786
24.3931 53.3873 20 23.2822 57.5786
15.1756 59.2991 20 22.2466 55.1443
4.49338 48.2428 20 22.2466 55.1443
2.26292 54.3361 20 22.2466 55.1443
35.3473 40.4834 20 23.6978 47.3011
35.6586 43.3457 20 23.6978 47.3011
23.5282 48.0475 20 23.6978 47.3011
21.8 44.6993 20 23.6978 47.3011
40.1842 46.1874 20 23.6978 47.3011
36.4995 48.9895 20 23.6978 47.3011
39.7244 52.6573 20 23.6978 47.3011
42.7533 50.9068 20 23.6978 47.3011
15.5663 47.4459 20 23.6978 47.3011
41.0073 41.2767 20 23.6978 47.3011
7.76847 43.276 20 21.3284 40.0261
4.53528 41.4033 20 21.3284 40.0261
7.79806 41.0632 20 21.3284 40.0261
21.78 37.8991 20 21.3284 40.0261
8.07146 45.7971 20 21.3284 40.0261
24.5679 37.8606 20 21.3284 40.0261
1.56824 43.1144 20 21.3284 40.0261
26.3793 27.9342 20 21.3736 32.4304
30.2498 29.2867 20 21.3736 32.4304
25.4602 34.0607 20 21.3736 32.4304
29.5773 38.2011 20 21.3736 32.4304
22.3738 32.6144 20 21.3736 32.4304
10.6134 27.6123 20 21.3736 32.4304
3.09506 32.2718 20 19.5535 32.6157
2.88858 34.5392 20 19.5535 32.6157
6.09163 39.0291 20 19.5535 32.6157
19.5535 32.6157 0 19.5535 32.6157
20.9699 7.87089 20 15.8718 15.8799
21.6734 6.80057 20 15.8718 15.8799
10.4432 18.5403 20 15.8718 15.8799
7.39533 10.5453 20 15.8718 15.8799
6.5851 6.15223 20 15.8718 15.8799
11.547 17.3773 20 15.8718 15.8799
16.7763 16.4234 20 15.8718 15.8799
0.024125 3.67941 20 15.8718 15.8799
26.9732 5.55935 20 19.1857 18.4312
25.6629 8.98966 20 19.1857 18.4312
25.9541 17.8694 20 19.1857 18.4312
1.87583 21.0369 20 19.1857 18.4312
15.0311 2.98212 20 19.1857 18.4312
28.448 4.56492 20 34 20.2385
27.828 16.0442 20 34 20.2385
33.1694 12.825 20 34 20.2385
34.7726 14.9246 20 34 20.2385
42.8456 9.79738 20 34 20.2385
32.9736 9.54291 20 34 20.2385
34.6957 0.250565 20 34 20.2385
39.5844 28.1503 20 33.986 20.6417
40.1983 27.5296 20 33.986 20.6417
40.1605 1.62977 20 33.986 20.6417
50.972 40.6063 20 51.8344 26.3033
50.6087 39.0471 20 51.8344 26.3033
49.5211 41.2968 20 51.8344 26.3033
53.8246 40.6421 20 51.8344 26.3033
57.9519 28.9562 20 51.8344 26.3033
44.3862 27.2947 20 51.8344 26.3033
61.0433 37.4432 20 51.8344 26.3033
46.87 29.8165 20 51.8344 26.3033
51.3738 46.298 20 51.8344 26.3033
49.2166 20.7627 20 51.8508 25.5897
50.3371 13.8732 20 51.8508 25.5897
47.8014 19.0633 20 51.8508 25.5897
49.7969 18.7775 20 51.8508 25.5897
54.2941 8.06913 20 51.8508 25.5897
49.7071 15.5436 20 51.8508 25.5897
57.4865 24.5174 20 51.8508 25.5897
47.9978 21.9409 20 51.8508 25.5897
54.207 15.6302 20 51.8508 25.5897
45.4208 35.7023 20 51.8508 25.5897
46.3584 11.9544 20 51.8508 25.5897
51.7192 33.0301 20 51.8508 25.5897
67.6176 1.5704 20 68.5625 20.2307
67.7948 0.245392 20 68.5625 20.2307
57.5184 10.0052 20 68.5878 20.8885
74.6007 8.85595 20 68.5878 20.8885
58.9793 16.9873 20 68.5878 20.8885
63.3179 20.7561 20 68.5878 20.8885
64.5951 34.7833 20 68.7108 23.6774
73.4488 27.7168 20 68.7108 23.6774
69.2995 6.44911 20 68.7108 23.6774
69.5282 17.9089 20 68.7108 23.6774
96.0423 11.4623 20 81.0535 21.0665
87.1446 5.62369 20 81.0535 21.0665
86.0162 7.49504 20 81.0535 21.0665
94.4971 12.155 20 81.0535 21.0665
91.0964 22.6866 20 81.0535 21.0665
92.7617 9.79299 20 81.0535 21.0665
90.573 26.1368 20 81.0535 21.0665
86.8454 25.9061 20 81.0535 21.0665
82.7412 8.18936 20 81.0535 21.0665
89.5446 11.1433 20 81.0535 21.0665
78.4489 5.02628 20 81.0535 21.0665
93.9971 11.4333 20 81.0535 21.0665
99.3731 13.042 20 81.0535 21.0665
79.0129 29.7258 20 79.9837 30.492
80.067 32.5205 20 79.9837 30.492
94.9557 36.4019 20 79.9837 30.492
95.6237 24.3148 20 79.9837 30.492
92.7883 33.1017 20 79.9837 30.492
99.6771 33.9806 20 79.9837 30.492
65.7256 44.1115 20 77.5371 38.931
63.4372 41.0037 20 77.5371 38.931
74.1781 43.7664 20 77.5371 38.931
69.6101 41.7599 20 77.5371 38.931
71.273 32.6206 20 77.5371 38.931
78.5212 37.8903 20 78.0088 39.1204
88.66 37.0515 20 78.0088 39.1204
89.6617 37.2814 20 78.0088 39.1204
84.6187 44.1216 20 78.0088 39.1204
87.578 41.6648 20 78.0088 39.1204
83.4893 38.2569 20 78.0088 39.1204
91.6164 43.0261 20 78.0088 39.1204
79.3198 37.9605 20 78.0088 39.1204
97.9829 40.1374 20 78.0088 39.1204
95.9271 54.2029 20 76.9946 52.7992
92.8786 53.0213 20 76.4722 59.8453
65.7055 54.4014 20 76.4722 59.8453
70.5547 53.3424 20 76.4722 59.8453
75.6093 70.0514 20 77.1035 69.0163
74.6355 75.2311 20 77.1035 69.0163
74.2342 84.0887 20 77.1035 69.0163
81.4664 54.0914 20 77.1035 69.0163
81.449 70.9038 20 80.3402 70.7787
79.7297 69.6285 20 80.3402 70.7787
92.3445 62.021 20 80.3402 70.7787
84.7245 82.6226 20 80.3402 70.7787
86.2619 79.048 20 80.3402 70.7787
87.2547 75.0688 20 80.3402 70.7787
98.4253 63.2976 20 80.3402 70.7787
82.9802 82.4602 20 80.3402 70.7787
93.8545 65.4499 20 80.3402 70.7787
91.3718 83.4817 20 80.3402 70.7787
97.2729 80.4267 20 80.8001 71.0182
98.5374 80.2587 20 80.8001 71.0182
67.4826 90.5129 20 64.9346 78.5311
65.2377 90.0334 20 64.9346 78.5311
59.8856 90.257 20 64.9346 78.5311
68.4062 74.7416 20 64.9346 78.5311
64.3047 84.91 20 64.9346 78.5311
59.6095 83.273 20 64.9346 78.5311
61.3935 78.2139 20 64.9346 78.5311
69.5115 98.0003 20 64.9346 78.5311
62.2697 64.7821 20 61.098 74.519
63.1742 62.7642 20 61.098 74.519
63.4571 71.3028 20 61.098 74.519
67.2428 72.1895 20 61.098 74.519
58.8629 75.4908 20 61.098 74.519
56.104 69.4485 20 61.098 74.519
53.3022 56.1009 20 61.098 74.519
Total tour distance: 269.581
