Decoded TSP tour:
19.569 24.449 0.997 18.9818 23.6433
15.772 12.549 9.192 21.3821 19.8305
25.542 20.506 2.023 23.5452 20.1817
22.494 14.202 13.068 21.8882 11.4321
21.459 12.53 6.577 21.8882 11.4321
20.541 9.26 2.556 21.8882 11.4321
33.341 22.178 10.381 30.4002 15.1994
33.5 17.352 4.16 30.4002 15.1994
29.447 11.243 5.69 30.4002 15.1994
26.839 11.732 5.19 30.4002 15.1994
45.293 9.057 13.174 43.4582 7.2195
40.868 2.981 5.001 43.4582 7.2195
46.154 2.083 3.275 44.8729 5.09705
54.032 12.197 11.442 50 10
50 10 0 50 10
53.754 0.148 8.742 53.375 3.31938
53.405 3.041 0.28 53.375 3.31938
88.457 8.185 13.747 85.8035 8.49895
85.554 10.061 2.745 85.8035 8.49895
94.926 4.006 11.26 91.4146 9.39518
93.574 3.255 10.497 91.4146 9.39518
92.889 3.855 5.733 91.4146 9.39518
89.359 10.839 9.385 90.832 11.5844
91.007 13.249 2.373 90.832 11.5844
85.841 12.653 10.749 89.7123 14.7919
95.317 17.864 7.295 89.7123 14.7919
91.857 16.502 2.743 89.7123 14.7919
74.679 41.865 6.615 70.4915 36.7441
47.232 45.27 13.543 45.9525 50.5753
49.571 48.14 8.233 45.9525 50.5753
49.02 51.541 12.697 45.9525 50.5753
51.29 49.58 10.97 45.9525 50.5753
43.243 58.404 12.71 45.9525 50.5753
42.804 54.74 7.11 45.9525 50.5753
40.978 46.49 6.437 45.9525 50.5753
53.958 52.681 10.486 57.0546 56.122
55.281 51.871 9.377 57.0546 56.122
57.243 55.792 0.38 57.0546 56.122
57.142 56.857 5.652 57.521 57.1796
52.975 65.56 9.534 57.521 57.1796
59.007 60.213 2.987 59.5779 59.7575
59.534 67.732 9.572 62.1514 62.9828
62.352 63.144 5.122 62.1514 62.9828
61.493 65.592 2.691 62.1514 62.9828
68.193 67.124 11.572 66.6294 64.9651
66.971 72.201 7.244 66.6294 64.9651
73.523 67.727 6.866 73.4172 64.7258
87.173 60.998 11.762 88.0998 64.2082
87.18 60.86 5.182 88.0998 64.2082
87.252 72.952 10.77 88.0998 64.2082
87.633 63.432 11.884 88.0998 64.2082
84.146 71.427 10.315 88.0998 64.2082
86.785 67.217 10.959 88.0998 64.2082
91.043 63.691 7.01 89.4567 63.888
89.091 59.886 4.603 89.4567 63.888
94.894 61.262 7.46 89.4567 63.888
93.456 57.69 14.427 93.7815 60.0228
93.694 56.925 3.099 93.7815 60.0228
93.946 64.003 8.979 93.8478 62.3697
94.619 62.103 0.816 93.8478 62.3697
85.968 75.194 10.133 76.2083 77.1207
77.919 74.057 8.389 76.2083 77.1207
76.154 71.763 8.051 76.2083 77.1207
81.476 87.316 12.684 76.2083 77.1207
78.214 79.218 2.902 76.2083 77.1207
66.957 73.797 11.351 74.3879 77.7036
74.447 77.382 0.86 74.3879 77.7036
63.631 81.224 14.134 66.2358 85.6625
67.179 79.746 10.928 66.2358 85.6625
67.643 91.829 6.325 66.2358 85.6625
33.443 88.578 7.057 36.8086 86.2622
36.762 86.092 0.194 36.8086 86.2622
33.626 83.869 3.982 36.8086 86.2622
36.924 96.636 0.737 36.6104 95.9691
30.503 90.056 13.109 28.0344 90.3882
27.59 93.644 3.286 28.0344 90.3882
19.881 93.181 12.244 25.3488 92.8449
24.053 94.189 1.867 25.3488 92.8449
20.393 83.793 0.615 20.9874 83.6353
11.878 70.444 14.354 19.0334 69.0441
13.454 69.007 9.443 19.0334 69.0441
11.844 68.394 13.519 19.0334 69.0441
5.739 68.535 13.479 19.0334 69.0441
17.374 67.529 2.247 19.0334 69.0441
20.735 74.659 9.97 21.6518 69.3183
26.213 68.977 4.574 21.6518 69.3183
21.299 57.593 4.473 24.213 58.2685
26.732 55.612 5.676 25.0967 54.4563
25.201 54.507 0.116 25.0967 54.4563
18.45 52.954 14.862 24.525 52.7505
19.619 52.734 6.234 24.525 52.7505
20.103 52.347 8.385 24.525 52.7505
25.923 53.185 1.603 24.525 52.7505
27.219 44.51 4.337 25.8713 48.6323
5.777 62.003 14.244 11.1424 60.2028
7.235 62.367 12.76 11.1424 60.2028
8.641 64.188 14.025 11.1424 60.2028
11.123 60.442 0.24 11.1424 60.2028
1.527 46.599 0.521 2.04331 46.6687
16.123 17.568 8.298 16.0725 23.6923
12.414 20.962 4.565 16.0725 23.6923
Total tour distance: 418.902
