39.6450 88.9376
47.1182 89.5942
52.1481 90.0360
54.9742 92.8815
65.4928 92.1122
75.2138 91.1948
78.2342 90.8698
86.0664 87.0359
69.9986 77.7715
62.4441 73.4157
59.2677 66.1187
56.6382 60.0781
56.9211 53.7397
51.8089 49.8956
46.5037 41.3588
47.9528 34.3306
50.5949 28.6946
56.2896 28.3100
61.6376 28.2773
67.2642 34.1037
72.8267 34.5095
88.9827 51.4615
89.8076 47.4621
91.4395 38.2815
86.5261 28.4161
84.6034 23.8391
84.9399 16.6880
86.5192 5.9721
76.2944 9.4190
72.5812 10.1490
68.9168 10.4059
66.2960 7.7394
59.4947 10.4073
54.9400 10.4332
48.4352 7.5913
41.1742 7.1161
33.9137 6.6410
23.3489 10.5836
23.5500 20.8300
8.5150 17.2756
8.7873 36.2701
8.9377 46.7626
15.6274 53.5119
17.8457 55.7501
22.4997 56.5946
27.2988 57.4654
32.9236 58.7330
32.8806 69.0427
30.9011 70.8535
28.6607 72.3651
24.0283 72.0653
21.3536 71.8922
17.0379 71.8604
13.2641 71.8072
8.8789 71.7455
7.6696 74.2486
6.8465 81.3006
6.2304 86.5782
5.4335 93.4051
17.1742 89.0524
28.2627 88.7578
30.3800 88.9869
34.9517 88.5681
