379.1374
36.9938 38.1682
42.0952 44.7719
48.5346 53.4654
46.9535 59.7383
36.9117 65.3340
32.2203 67.9482
29.0561 68.6837
25.4289 69.5268
21.6354 67.1275
17.5938 62.0324
11.2994 54.0975
9.9882 54.2130
7.1282 73.2666
6.3387 77.8283
4.6168 81.8767
7.3813 85.5055
8.6110 94.7393
27.5116 86.8171
40.0417 89.4629
41.8660 90.5373
50.0094 87.7080
59.6604 84.2138
70.8280 80.1705
90.3747 56.8816
92.5130 54.3200
96.3503 49.7230
91.9690 41.9844
85.5075 10.0671
64.7359 1.6156
66.0166 16.3292
62.3834 16.9416
54.2954 14.2409
50.5146 11.9029
47.2260 5.6140
20.7513 14.5754
23.5500 20.8300
26.1525 24.1342
