95.0000 50.0000
80.1345 55.9068
75.1382 61.3463
74.7794 62.1412
75.3105 70.4223
71.7424 76.4801
67.4600 74.0892
66.6095 73.2293
62.8589 70.1362
57.7841 70.0850
53.9253 70.0461
52.8987 70.8796
51.2951 77.9337
57.8360 83.2197
62.3159 86.8400
68.7606 92.2030
72.7112 95.4904
66.3917 97.6345
61.1133 94.9975
50.5949 89.7428
47.4686 87.1036
45.1957 86.0962
40.4279 90.4720
37.0449 91.0514
26.3827 92.8774
21.4643 93.7196
18.5512 90.7830
15.3116 90.7626
12.9981 92.3443
5.8703 95.0506
0.4410 97.1120
1.3488 93.3673
1.8580 91.3283
3.0029 84.4373
4.0669 80.3427
7.3348 78.2851
16.2943 73.9762
21.4753 72.3178
26.2990 75.2133
31.5312 78.3539
33.6342 77.1703
36.3803 71.5797
38.1331 68.0116
40.9774 67.0988
39.0938 64.2917
31.4582 59.0885
24.3002 54.2108
20.5283 56.7124
17.4754 61.5090
8.7482 58.9571
4.1629 60.2136
5.1125 53.7727
5.7194 49.6567
5.9532 47.8991
12.4995 38.1244
26.0945 40.7793
28.2088 42.2685
30.7962 39.7536
35.2141 32.9271
37.7558 28.9998
30.8453 25.9205
29.1456 27.1416
24.0527 30.8004
21.2325 30.5442
11.8597 29.6928
10.8093 28.4949
9.9332 28.0879
5.1982 25.8880
7.3955 20.1519
3.9263 13.6134
5.5319 4.2840
12.5370 7.2435
18.1543 13.0381
22.3410 13.6549
27.5737 9.8937
28.7891 9.0200
33.5431 5.6029
34.8357 7.7499
34.2838 13.7743
34.1670 15.0412
38.1741 16.4042
41.0741 15.9239
45.7054 15.1569
47.1087 11.5078
46.7498 5.0627
55.1173 1.7003
59.6834 11.0163
60.7358 13.1634
63.9742 11.0028
73.2987 4.7832
75.1396 17.0495
76.4553 25.8155
72.2968 28.4247
73.4891 34.9977
71.0039 36.1691
66.0948 35.1530
60.6243 34.0655
56.7718 34.9574
53.0294 35.8322
49.9029 36.5630
48.0012 37.3382
44.7921 44.7272
44.6334 46.7255
45.2962 48.4335
46.0126 50.2796
49.9295 49.2509
53.7691 49.6258
56.1682 49.8539
58.1166 51.9690
60.9227 51.5494
69.3816 50.2846
77.6481 49.6010
