16.4407 45.1469
18.3322 46.9206
30.1931 45.3989
32.7913 45.0537
33.2098 43.1746
34.4772 37.4842
31.7423 29.7772
26.0494 30.7263
21.0195 31.5466
17.6955 24.5191
10.2917 18.7575
3.9959 18.6511
2.9387 13.7165
0.0000 0.0000
10.1119 5.5062
16.1967 8.8196
25.6796 9.0403
32.7772 8.4126
42.8158 7.5248
43.0309 12.8416
43.3680 20.8347
43.5884 26.0589
46.2090 28.9471
50.5328 30.1836
56.0195 30.3704
58.3836 30.4510
63.0517 28.6688
63.8928 26.9044
62.0079 22.8314
59.0832 20.2261
58.1107 13.1923
64.3527 11.9650
72.2281 5.6874
76.1447 4.8657
78.8842 6.0375
79.1703 11.6813
79.1466 20.0321
81.8073 19.8645
89.3732 15.6976
96.1984 11.9387
93.4135 28.3056
92.3811 34.3727
91.3886 39.8027
85.0832 41.9264
80.9937 40.7721
75.2180 39.1419
74.3623 43.4563
74.8452 48.1095
75.0423 50.0081
78.1894 53.8503
80.4681 56.6322
84.9066 54.1053
91.7120 56.0260
92.8967 61.6285
94.0703 67.1781
91.2994 71.2657
86.8800 73.0817
87.1696 77.4333
87.6018 83.9276
87.9248 88.7816
83.6949 94.8720
74.4989 94.8040
73.6705 93.3246
72.4992 93.1214
69.9512 92.3742
67.8373 91.2156
69.2246 81.6573
70.9580 77.5128
67.9432 73.1819
68.7990 71.1878
71.3781 68.5987
68.0729 64.6582
64.7452 60.6909
60.9352 61.5368
56.4371 61.2658
55.2632 57.2931
56.6142 53.9891
56.7710 52.4757
57.7362 50.9806
60.1988 47.1659
60.7466 42.7518
59.8359 41.8849
56.8363 42.2098
50.5419 43.4811
46.8086 44.3671
45.7612 47.5176
46.4641 49.3407
44.4586 52.1156
42.3263 55.0659
36.1636 55.8584
31.1536 57.2324
27.0564 58.8886
26.3743 62.0416
30.1345 64.0873
35.1236 64.8326
40.6860 65.6635
42.4078 66.5218
50.6589 73.5891
56.1541 78.2959
55.2440 81.6658
52.1012 87.6998
47.7201 93.7224
42.5859 92.2477
37.4440 80.3298
32.8805 81.3613
27.3350 84.8520
28.3409 88.4524
27.5631 91.4757
24.1315 94.5152
15.4666 94.1259
5.5953 93.6823
4.0611 82.1753
10.2969 79.7290
14.3419 76.9077
17.6823 74.5779
16.9805 71.3131
15.0969 69.4749
4.7052 66.8811
5.4778 61.8502
6.4592 55.4604
6.8095 51.2231
7.5428 42.3537
