65.7048 89.8344
66.5300 91.2484
68.1827 96.9283
54.9936 95.0170
56.1585 91.0400
58.2909 83.7598
54.9855 81.0779
49.4033 76.7199
46.7193 74.2835
38.1811 74.0631
38.4759 77.9095
39.5826 81.2226
38.4154 85.9262
37.4815 89.7155
36.2726 94.6209
28.8221 92.9298
20.4363 92.4731
14.8123 92.0431
12.9683 83.1722
10.4016 79.8125
8.6579 77.5299
13.4591 69.5174
16.0869 65.1319
18.9137 64.8712
22.9307 64.5007
23.4434 59.2985
26.6006 57.6932
28.6178 52.8612
38.8976 52.0103
38.4189 46.9089
35.9522 43.4303
41.0365 41.3802
47.7925 40.2717
46.7634 36.1316
51.3800 32.6521
55.0494 28.8021
48.9403 22.5446
43.5662 24.9315
39.0153 26.5463
30.5674 29.5439
29.4402 37.9298
26.0037 36.1500
23.1608 34.6777
19.5535 32.6157
7.9657 45.7035
4.6308 49.4701
4.2832 42.9693
4.2041 41.4202
4.0870 39.1284
3.8702 34.7489
4.4411 32.6353
6.1252 26.4000
8.2340 18.5930
2.9771 6.3846
6.5400 6.5557
15.6010 8.8042
21.0049 8.1680
25.0664 7.6899
25.6351 9.0017
28.3069 15.1646
34.0388 14.1045
35.4681 10.2886
40.2345 2.6356
47.0870 10.8739
52.0449 13.0902
62.2876 17.7225
65.2120 14.9971
69.5091 4.5205
75.2800 5.8057
82.8287 7.4868
85.8914 7.9829
90.1273 9.7334
95.5709 11.9830
97.0026 13.8398
92.2668 22.3984
94.8175 24.7166
94.6368 32.0276
85.0213 40.5436
79.4408 34.4120
73.4429 27.8218
69.8317 30.9644
65.1376 35.0495
65.9182 42.9483
64.4728 53.5403
57.8005 57.4705
61.0366 64.3311
65.9206 68.1624
70.1173 71.4545
73.7374 72.3660
75.9503 70.4441
78.3595 68.3517
84.3363 60.1531
91.9761 59.5005
94.0598 64.3970
93.9411 65.4596
93.0122 73.7757
93.5638 78.7109
90.7226 82.3507
84.7461 82.8299
74.2679 84.3252
65.2859 85.6069
