Decoded TSP tour:
24.2845 53.5119 27 21.7299 53.9221
22.9209 53.7234 27 21.7299 53.9221
1.38921 56.8496 27 21.7299 53.9221
3.20291 51.0422 27 21.7299 53.9221
2.29998 55.3764 27 21.7299 53.9221
3.91843 46.6239 27 21.7299 53.9221
23.2467 53.1537 27 21.7299 53.9221
4.9443 50.7874 27 21.7299 53.9221
5.33607 49.6057 27 21.7299 53.9221
21.0217 51.8703 27 25.6617 33.973
20.6501 50.1791 27 25.6617 33.973
19.3271 51.9549 27 25.6617 33.973
16.9544 52.9271 27 25.6617 33.973
34.2887 41.9043 27 25.6617 33.973
34.4982 43.6098 27 25.6617 33.973
32.8303 42.231 27 25.6617 33.973
36.1244 41.0243 27 25.6617 33.973
28.0185 49.9258 27 25.6617 33.973
32.371 53.6854 27 25.6617 33.973
28.2512 43.1797 27 25.6617 33.973
25.3534 42.3963 27 25.6617 33.973
26.2176 40.5221 27 25.6617 33.973
23.0786 38.1228 27 25.6617 33.973
15.6672 41.9038 27 25.6617 33.973
24.3319 37.4284 27 25.6617 33.973
30.0938 44.3309 27 25.6617 33.973
25.6409 32.985 27 25.6617 33.973
38.1284 50.9907 27 25.6617 33.973
37.4598 44.2188 27 25.6617 33.973
31.5096 51.0685 27 25.6617 33.973
32.3079 45.1141 27 25.6617 33.973
37.6481 47.8813 27 25.6617 33.973
39.422 48.1564 27 25.6617 33.973
18.6254 45.18 27 25.6617 33.973
6.52205 46.8393 27 25.6617 33.973
9.40774 50.7341 27 25.6617 33.973
13.9199 46.2671 27 25.6617 33.973
16.0956 47.199 27 25.6617 33.973
20.3278 46.5707 27 25.6617 33.973
12.7058 46.3942 27 25.6617 33.973
25.8175 47.2716 27 25.6617 33.973
22.4747 48.1041 27 25.6617 33.973
6.13632 48.8675 27 25.6617 33.973
13.0553 35.1491 27 22.0906 29.8136
12.1928 37.3703 27 22.0906 29.8136
24.4888 25.33 27 22.0906 29.8136
6.82067 39.0714 27 22.0906 29.8136
27.9226 21.7643 27 22.0906 29.8136
21.8833 32.2702 27 22.0906 29.8136
25.4341 30.3643 27 22.0906 29.8136
2.4254 44.8523 27 22.0906 29.8136
2.17298 46.8604 27 22.0906 29.8136
18.042 31.0088 27 22.0906 29.8136
11.8542 36.7134 27 22.0906 29.8136
2.57467 43.4684 27 22.0906 29.8136
14.73 38.6202 27 22.0906 29.8136
13.5199 39.2703 27 22.0906 29.8136
2.27936 46.9159 27 22.0906 29.8136
21.2206 30.6756 27 22.0906 29.8136
11.1949 32.5348 27 18.7476 25.6549
4.5207 34.7763 27 18.7476 25.6549
7.3492 35.5012 27 18.7476 25.6549
20.105 16.8211 27 18.7476 25.6549
24.4057 14.8195 27 18.7476 25.6549
19.799 26.856 27 18.7476 25.6549
23.2602 19.1726 27 18.7476 25.6549
14.6393 26.7492 27 17.8708 24.3896
1.18933 3.36233 27 17.8708 24.3896
14.9649 8.25698 27 17.8708 24.3896
26.3324 9.91102 27 17.8708 24.3896
25.7941 5.0229 27 17.8708 24.3896
13.6478 21.6503 27 17.8708 24.3896
25.3621 2.94183 27 17.8708 24.3896
1.16963 7.02543 27 17.8708 24.3896
21.5005 1.44445 27 17.7311 24.1576
21.5695 0.95675 27 17.7311 24.1576
16.5956 19.4929 27 17.7311 24.1576
10.0346 20.0551 27 17.7311 24.1576
6.43216 5.60381 27 17.7311 24.1576
7.76533 6.16763 27 17.7311 24.1576
10.8813 21.2221 27 17.7311 24.1576
17.2034 24.1028 27 17.7311 24.1576
15.2276 8.24821 27 17.7311 24.1576
9.14203 20.9819 27 17.7311 24.1576
11.2137 2.02823 27 17.7311 24.1576
15.042 3.46328 27 17.7311 24.1576
28.9981 9.31071 27 17.7311 24.1576
17.3929 9.83033 27 17.7311 24.1576
19.9583 6.51641 27 17.7311 24.1576
3.79685 1.03108 27 17.7311 24.1576
15.3635 8.94646 27 17.7311 24.1576
4.49196 30.1971 27 17.7311 24.1576
29.8399 3.73191 27 17.7311 24.1576
2.42275 13.8762 27 17.7311 24.1576
10.2639 16.7344 27 17.7311 24.1576
9.45182 0.0818322 27 17.7311 24.1576
1.44105 27.567 27 17.7311 24.1576
8.87118 13.2955 27 17.7311 24.1576
18.0605 3.61007 27 17.7311 24.1576
30.2787 8.22802 27 17.7311 24.1576
10.2957 4.68434 27 17.7311 24.1576
12.2845 12.8434 27 17.7311 24.1576
9.827 6.88435 27 17.7311 24.1576
16.5565 18.5576 27 17.7311 24.1576
4.41833 14.4468 27 17.7311 24.1576
1.09039 26.3845 27 17.7311 24.1576
15.8202 13.1438 27 17.7311 24.1576
3.10626 26.7804 27 17.7311 24.1576
14.7546 14.6103 27 17.7311 24.1576
6.7702 28.6398 27 17.7311 24.1576
9.78612 28.4045 27 17.7311 24.1576
11.5513 26.7284 27 17.7311 24.1576
33.77 15.2532 27 36.0072 28.0553
31.9711 13.1659 27 36.0072 28.0553
30.882 13.4627 27 36.0072 28.0553
39.2148 31.0796 27 36.0072 28.0553
33.6894 8.52241 27 36.0072 28.0553
33.7089 9.97118 27 36.0072 28.0553
28.9098 26.1469 27 36.0072 28.0553
39.7157 22.5518 27 36.0072 28.0553
39.7052 20.7341 27 36.0072 28.0553
34.7674 23.4201 27 36.0072 28.0553
31.5116 30.435 27 36.0072 28.0553
41.0252 15.6289 27 36.0072 28.0553
41.25 12.6932 27 36.0072 28.0553
33.6743 16.0148 27 36.0072 28.0553
38.9702 21.3779 27 36.0072 28.0553
45.3796 10.2394 27 36.0072 28.0553
38.5585 8.92391 27 36.0072 28.0553
36.9546 32.1019 27 36.0072 28.0553
43.6411 3.93313 27 36.0072 28.0553
35.489 25.3753 27 36.0072 28.0553
34.2378 1.76946 27 36.0072 28.0553
38.9768 28.6596 27 36.0072 28.0553
33.8398 32.0377 27 36.0072 28.0553
38.4714 30.1542 27 36.0072 28.0553
40.4353 45.1451 27 36.0072 28.0553
30.6527 22.7083 27 36.0072 28.0553
39.0652 2.42383 27 36.0072 28.0553
37.7929 6.06011 27 36.0072 28.0553
37.385 18.6566 27 36.0072 28.0553
31.6419 23.7354 27 36.0072 28.0553
33.5301 3.54266 27 36.0072 28.0553
36.6689 15.3803 27 36.0072 28.0553
34.0987 23.3047 27 36.0072 28.0553
40.565 30.2351 27 36.0072 28.0553
31.6461 7.3586 27 36.0072 28.0553
37.1302 34.1671 27 36.0072 28.0553
35.0134 33.6653 27 36.0072 28.0553
41.3951 34.6025 27 36.0072 28.0553
42.5831 37.1399 27 42.0065 28.0636
44.7688 34.8472 27 42.0065 28.0636
45.1706 33.2151 27 42.0065 28.0636
44.6442 33.124 27 42.0065 28.0636
41.5242 2.24951 27 42.0065 28.0636
42.0439 1.27461 27 42.0065 28.0636
45.0927 13.5451 27 51.4729 28.0768
46.2315 17.307 27 51.4729 28.0768
54.6678 5.19708 27 51.4729 28.0768
44.2724 24.153 27 51.4729 28.0768
49.451 19.2329 27 51.4729 28.0768
47.2237 11.5266 27 51.4729 28.0768
57.0337 24.3926 27 51.4729 28.0768
57.1362 5.51363 27 51.4729 28.0768
56.0728 23.8687 27 51.4729 28.0768
55.2537 1.34285 27 51.4729 28.0768
58.3586 20.3359 27 51.4729 28.0768
54.1004 16.0525 27 51.4729 28.0768
52.4413 6.25676 27 51.4729 28.0768
52.3761 17.3067 27 51.4729 28.0768
53.5581 47.7414 27 51.1776 30.1651
55.1301 40.0588 27 51.1776 30.1651
54.8329 43.6672 27 51.1776 30.1651
48.3602 34.0465 27 51.1776 30.1651
49.7681 46.8278 27 51.1776 30.1651
54.9749 31.6899 27 51.1776 30.1651
49.3213 48.312 27 51.1776 30.1651
55.5353 38.1752 27 51.1776 30.1651
56.9482 35.7189 27 51.1776 30.1651
53.1447 48.4278 27 51.1776 30.1651
51.5218 39.5765 27 51.1776 30.1651
57.96 34.409 27 51.1776 30.1651
51.2079 35.5792 27 51.1776 30.1651
43.0965 49.2871 27 51.1776 30.1651
48.255 40.2376 27 51.1776 30.1651
51.3584 31.1839 27 51.1776 30.1651
51.6263 32.951 27 51.1776 30.1651
56.2067 40.2418 27 51.1776 30.1651
56.985 36.3051 27 51.1776 30.1651
62.9728 48.2611 27 66.3953 33.3721
74.2228 38.61 27 66.3953 33.3721
63.3831 45.6708 27 66.3953 33.3721
63.3054 48.8331 27 66.3953 33.3721
75.4423 46.5496 27 66.3953 33.3721
58.4293 38.9397 27 66.3953 33.3721
69.2934 49.5143 27 66.3953 33.3721
72.247 39.7077 27 66.3953 33.3721
78.2443 33.2915 27 66.3953 33.3721
65.5339 33.2996 27 66.3953 33.3721
67.7344 45.7338 27 66.3953 33.3721
73.6394 37.6931 27 66.3953 33.3721
73.369 50.7129 27 66.3953 33.3721
79.9571 14.1068 27 66.3953 33.3721
65.8846 36.2104 27 66.3953 33.3721
73.6484 37.1698 27 66.3953 33.3721
67.1669 49.4372 27 66.3953 33.3721
73.9542 35.1681 27 66.3953 33.3721
76.1613 37.044 27 66.3953 33.3721
65.5247 34.482 27 66.3953 33.3721
65.8501 46.5185 27 66.3953 33.3721
59.74 37.5402 27 66.3953 33.3721
55.3537 50.023 27 66.3953 33.3721
68.3856 35.3493 27 66.3953 33.3721
57.8812 36.891 27 66.3953 33.3721
67.7687 50.9424 27 66.3953 33.3721
61.8021 40.7858 27 66.3953 33.3721
57.9146 37.4787 27 66.3953 33.3721
58.9987 45.7674 27 66.3953 33.3721
58.3317 48.8465 27 66.3953 33.3721
57.0033 47.9295 27 66.3953 33.3721
64.1367 44.5156 27 66.3953 33.3721
73.9903 3.20906 27 68.1008 27.146
78.3682 28.4149 27 68.1008 27.146
67.7861 18.0441 27 68.1008 27.146
71.8743 17.8343 27 68.1008 27.146
76.8304 30.6899 27 68.1008 27.146
69.6772 28.9704 27 68.1008 27.146
75.1791 28.4357 27 68.1008 27.146
70.9135 14.8762 27 68.1008 27.146
62.1748 23.5386 27 68.1008 27.146
77.5185 26.3493 27 68.1008 27.146
62.1997 26.9323 27 68.1008 27.146
72.9487 9.07523 27 68.1008 27.146
66.7265 28.6242 27 68.1008 27.146
64.9436 1.68639 27 68.1008 27.146
75.8802 29.7113 27 68.1008 27.146
72.3203 3.8463 27 68.1008 27.146
75.234 1.10533 27 68.1008 27.146
73.2927 7.83056 27 68.1008 27.146
70.8086 11.581 27 68.1008 27.146
78.8734 30.5074 27 68.1008 27.146
72.8918 2.68499 27 68.1008 27.146
71.2869 13.7572 27 68.1008 27.146
67.6345 29.9025 27 68.1008 27.146
61.3812 10.1841 27 68.1008 27.146
72.0758 18.0334 27 68.1008 27.146
70.5957 27.6007 27 68.1008 27.146
71.3344 25.5496 27 68.1008 27.146
70.2766 21.758 27 68.1008 27.146
67.4655 12.1137 27 68.1008 27.146
68.9038 16.8105 27 68.1008 27.146
68.4103 6.94039 27 68.1008 27.146
70.2908 10.4186 27 68.1008 27.146
60.5483 13.7851 27 68.1008 27.146
62.039 27.7697 27 68.1008 27.146
64.1034 11.1965 27 68.1008 27.146
79.8029 56.0883 27 95 50
78.4066 56.8223 27 95 50
77.641 49.4044 27 95 50
77.8566 47.321 27 95 50
77.1619 52.0527 27 95 50
79.1559 54.6404 27 95 50
95 50 0 95 50
61.063 98.6998 27 67.2568 74.2068
63.7966 99.865 27 67.2568 74.2068
66.3729 97.9005 27 67.2568 74.2068
78.2121 82.5216 27 67.2568 74.2068
66.5762 96.7049 27 67.2568 74.2068
66.8428 74.9419 27 67.2568 74.2068
67.3269 96.007 27 67.2568 74.2068
62.6983 97.3779 27 67.2568 74.2068
61.169 94.8861 27 67.2568 74.2068
61.0867 94.7583 27 67.2568 74.2068
67.062 97.8078 27 67.2568 74.2068
70.4834 96.1071 27 67.2568 74.2068
62.5782 94.8346 27 67.2568 74.2068
64.4755 95.6952 27 67.2568 74.2068
64.0122 92.7907 27 67.2568 74.2068
68.5238 98.3882 27 67.2568 74.2068
61.4066 99.6333 27 67.2568 74.2068
76.9821 94.8107 27 67.2568 74.2068
67.7946 81.6778 27 67.2568 74.2068
71.5875 94.54 27 67.2568 74.2068
75.0689 72.4744 27 67.2568 74.2068
67.3901 74.1747 27 67.2568 74.2068
63.953 87.4245 27 67.2568 74.2068
72.4567 79.8069 27 67.2568 74.2068
59.1397 81.6064 27 67.2568 74.2068
74.4568 73.8914 27 67.2568 74.2068
63.6802 81.8267 27 67.2568 74.2068
79.9522 98.0359 27 67.2568 74.2068
78.4107 73.5258 27 67.2568 74.2068
75.404 79.0607 27 67.2568 74.2068
62.472 86.647 27 67.2568 74.2068
68.041 93.0677 27 67.2568 74.2068
75.6464 86.4518 27 67.2568 74.2068
71.491 88.8238 27 67.2568 74.2068
77.3467 92.4222 27 67.2568 74.2068
63.2522 99.6147 27 67.2568 74.2068
77.2293 82.6694 27 67.2568 74.2068
72.4289 91.8837 27 67.2568 74.2068
64.9777 99.8573 27 67.2568 74.2068
61.0701 98.8684 27 67.2568 74.2068
69.7655 86.02 27 67.2568 74.2068
75.4923 99.809 27 67.2568 74.2068
74.8496 95.8479 27 67.2568 74.2068
73.2291 73.9763 27 67.2568 74.2068
77.5651 71.0149 27 67.2568 74.2068
62.3574 96.16 27 67.2568 74.2068
77.1266 88.6843 27 67.2568 74.2068
75.036 91.1497 27 67.2568 74.2068
56.5515 98.5201 27 67.1813 74.0651
56.1389 85.5616 27 67.1813 74.0651
64.3381 93.7227 27 67.1813 74.0651
60.7744 89.6482 27 67.1813 74.0651
65.7365 88.9695 27 67.1813 74.0651
66.0988 58.3516 27 65.4069 69.8808
65.5436 56.9924 27 65.4069 69.8808
61.0936 52.692 27 65.4069 69.8808
64.4544 70.2655 27 65.4069 69.8808
64.6627 65.3996 27 65.4069 69.8808
68.5427 70.65 27 65.4069 69.8808
63.7722 68.1837 27 65.4069 69.8808
69.1127 61.5738 27 65.4069 69.8808
73.7932 65.1929 27 65.4069 69.8808
64.488 60.4855 27 65.4069 69.8808
61.6782 59.4733 27 65.4069 69.8808
70.749 60.5658 27 65.4069 69.8808
74.3686 61.1798 27 65.4069 69.8808
69.6306 57.46 27 65.4069 69.8808
58.1838 68.9986 27 65.4069 69.8808
61.6425 72.8564 27 65.4069 69.8808
44.8729 51.9811 27 50.8358 69.4903
50.8239 67.1806 27 50.8358 69.4903
46.373 74.0499 27 50.8358 69.4903
53.3341 54.2742 27 50.8358 69.4903
48.3895 84.8379 27 50.8358 69.4903
56.7398 71.0931 27 50.8358 69.4903
43.0003 59.9693 27 50.8358 69.4903
40.88 90.992 27 50.8358 69.4903
55.0654 81.234 27 50.8358 69.4903
50.7479 74.0551 27 50.8358 69.4903
45.413 71.2677 27 50.8358 69.4903
45.3946 79.9114 27 50.8358 69.4903
43.8196 68.1614 27 50.8358 69.4903
37.7594 72.4638 27 50.8358 69.4903
32.7632 61.4479 27 50.8358 69.4903
38.0621 81.3957 27 50.8358 69.4903
33.1471 60.1559 27 50.8358 69.4903
54.375 73.4717 27 50.8358 69.4903
38.9618 51.3998 27 50.8358 69.4903
42.9598 72.0705 27 50.8358 69.4903
37.4152 67.1119 27 50.8358 69.4903
45.8973 89.1189 27 50.8358 69.4903
56.5346 68.6367 27 50.8358 69.4903
51.7497 79.9145 27 50.8358 69.4903
57.8284 65.6998 27 50.8358 69.4903
43.6827 74.1879 27 50.8358 69.4903
35.4564 78.9241 27 50.8358 69.4903
56.0822 62.8731 27 50.8358 69.4903
39.5709 52.0192 27 50.8358 69.4903
50.018 68.4527 27 50.8358 69.4903
49.7784 78.4397 27 50.8358 69.4903
57.4377 71.1536 27 50.8358 69.4903
50.0447 86.3511 27 50.8358 69.4903
44.3711 67.9206 27 50.8358 69.4903
46.8229 71.8444 27 50.8358 69.4903
57.08 64.0173 27 50.8358 69.4903
47.2434 72.8349 27 50.8358 69.4903
37.657 81.9317 27 50.8358 69.4903
46.0567 72.0198 27 50.8358 69.4903
47.6524 52.225 27 50.8358 69.4903
48.6879 60.2173 27 50.8358 69.4903
44.681 94.9895 27 50.8358 69.4903
40.9923 81.1407 27 50.8358 69.4903
39.6569 80.0064 27 50.8358 69.4903
47.9098 77.796 27 50.8358 69.4903
45.699 60.307 27 50.8358 69.4903
45.3765 76.9955 27 50.8358 69.4903
43.371 79.9296 27 50.8358 69.4903
46.3459 54.8709 27 50.8358 69.4903
41.3355 82.7797 27 50.8358 69.4903
35.1926 70.9963 27 50.8358 69.4903
53.0251 68.7919 27 50.8358 69.4903
49.7031 90.8228 27 50.8358 69.4903
45.5119 65.9533 27 50.8358 69.4903
52.8784 80.2957 27 50.8358 69.4903
57.7425 53.0432 27 50.8358 69.4903
44.2907 51.8898 27 50.8358 69.4903
54.2236 56.2655 27 50.8358 69.4903
51.8847 57.7017 27 50.8358 69.4903
49.4828 84.8462 27 50.8358 69.4903
38.2308 97.9754 27 33.8824 73.2924
33.827 93.4853 27 33.8824 73.2924
40.938 91.8871 27 33.8824 73.2924
40.3911 90.9327 27 33.8824 73.2924
7.52811 85.6801 27 16.6507 77.1569
5.65202 82.6769 27 16.6507 77.1569
2.21183 78.3384 27 16.6507 77.1569
4.00947 79.3775 27 16.6507 77.1569
2.73342 77.6754 27 16.6507 77.1569
2.20684 85.9728 27 16.6507 77.1569
2.40958 76.5677 27 16.6507 77.1569
34.6178 91.6565 27 16.6507 77.1569
4.039 87.3303 27 16.6507 77.1569
0.604559 98.8714 27 16.6507 77.1569
6.94139 77.9429 27 16.6507 77.1569
0.0137858 97.6201 27 16.6507 77.1569
1.90778 84.1439 27 16.6507 77.1569
3.24433 74.1559 27 16.6507 77.1569
16.482 98.2716 27 16.6507 77.1569
14.3875 98.8261 27 16.6507 77.1569
17.6447 95.7025 27 16.6507 77.1569
3.49809 86.0326 27 16.6507 77.1569
5.93926 95.2324 27 16.6507 77.1569
2.28857 93.0946 27 16.6507 77.1569
2.81095 93.7321 27 16.6507 77.1569
1.29568 73.7881 27 16.6507 77.1569
6.09494 74.0865 27 16.6507 77.1569
6.51312 96.1439 27 16.6507 77.1569
0.276333 64.736 27 16.8413 76.8989
9.56218 88.5032 27 16.8413 76.8989
9.2264 90.0125 27 16.8413 76.8989
2.92961 91.7762 27 16.8413 76.8989
2.77311 90.8552 27 16.8413 76.8989
27.0999 87.1794 27 16.8413 76.8989
37.4895 92.2139 27 16.909 76.8115
1.89478 99.1556 27 16.909 76.8115
12.9149 73.6814 27 16.909 76.8115
0.933566 72.166 27 16.909 76.8115
4.26452 75.4569 27 16.909 76.8115
11.984 90.8471 27 16.909 76.8115
13.1892 88.2939 27 16.909 76.8115
31.005 87.5127 27 16.909 76.8115
19.607 87.5156 27 16.909 76.8115
13.579 86.3111 27 16.909 76.8115
25.1363 82.5967 27 16.909 76.8115
5.57124 90.2338 27 16.909 76.8115
8.45095 92.4898 27 16.909 76.8115
21.6218 70.9165 27 17.335 76.2215
21.58 71.4487 27 17.335 76.2215
15.7168 72.1076 27 17.335 76.2215
20.4304 56.6156 27 17.335 76.2215
18.3784 57.1027 27 17.335 76.2215
18.1201 57.6123 27 17.335 76.2215
9.61222 63.4754 27 17.335 76.2215
20.4275 84.2678 27 17.335 76.2215
32.5069 76.0168 27 17.335 76.2215
20.7475 95.7593 27 17.335 76.2215
9.41537 53.1681 27 17.335 76.2215
19.6994 87.7216 27 17.335 76.2215
20.195 67.6818 27 17.335 76.2215
28.3265 80.6515 27 17.335 76.2215
25.8247 62.43 27 17.335 76.2215
26.1535 60.2417 27 17.335 76.2215
23.241 69.6046 27 17.335 76.2215
18.5593 70.8498 27 17.335 76.2215
34.483 80.3653 27 17.335 76.2215
23.9937 92.6752 27 17.335 76.2215
8.74887 58.9073 27 17.335 76.2215
13.4476 91.4294 27 17.335 76.2215
28.8395 85.6979 27 17.335 76.2215
13.6467 56.6412 27 17.335 76.2215
30.1525 91.706 27 17.335 76.2215
26.8042 95.3391 27 17.335 76.2215
5.34012 99.7769 27 17.335 76.2215
21.4284 90.1196 27 17.335 76.2215
19.7736 66.4248 27 17.335 76.2215
29.6717 65.8678 27 17.335 76.2215
23.3331 67.4298 27 17.335 76.2215
4.80215 64.3438 27 17.335 76.2215
21.4467 69.0185 27 17.335 76.2215
29.1113 69.2428 27 17.335 76.2215
16.1988 59.3188 27 17.335 76.2215
26.7897 74.3958 27 17.335 76.2215
23.9069 59.9122 27 17.335 76.2215
20.3908 60.0437 27 17.335 76.2215
17.9199 62.5969 27 17.335 76.2215
25.882 79.9487 27 17.335 76.2215
16.6662 74.8364 27 17.335 76.2215
15.5277 59.9412 27 17.335 76.2215
20.5127 86.7994 27 17.335 76.2215
32.0337 81.0046 27 17.335 76.2215
3.95046 53.4738 27 17.335 76.2215
15.1928 63.8864 27 17.335 76.2215
4.94511 53.748 27 17.335 76.2215
23.1077 77.6166 27 17.335 76.2215
14.823 72.6203 27 17.335 76.2215
22.4809 75.2844 27 17.335 76.2215
6.21969 67.2192 27 17.335 76.2215
22.9057 97.6297 27 17.335 76.2215
9.81425 65.8912 27 17.335 76.2215
6.64844 67.6725 27 17.335 76.2215
17.0586 58.0717 27 17.335 76.2215
11.0263 80.6461 27 17.335 76.2215
6.65025 63.3599 27 17.335 76.2215
0.795031 63.4583 27 17.335 76.2215
6.14578 57.4553 27 17.335 76.2215
7.20937 55.9097 27 17.335 76.2215
30.5118 74.0434 27 17.335 76.2215
18.4742 58.4012 27 17.335 76.2215
Total tour distance: 241.55
