57.0216 9.8160
52.5545 10.3952
44.4620 10.7101
43.0900 19.1584
45.7878 21.4099
47.4737 23.2696
47.8230 25.8222
47.5167 27.2609
48.1872 31.5640
47.4991 32.2309
44.9651 32.2006
42.3644 30.9103
41.3424 30.2655
40.0760 27.8330
38.3509 25.4125
36.4847 26.0338
35.0148 26.8151
33.7742 26.6534
31.8028 25.5392
31.8548 24.0813
30.8407 23.0880
30.2689 21.6377
28.9988 17.2570
26.9071 9.2675
19.2113 2.8615
16.9065 8.0742
16.3279 9.1571
15.7298 10.1267
15.2978 10.8249
13.7913 11.0379
12.7265 10.6368
12.1281 10.7167
11.5691 10.4636
9.5490 10.1613
10.0962 6.9896
11.6250 4.8189
13.0513 2.7937
12.5461 2.3560
10.6072 2.2886
8.5092 2.2156
5.6765 1.9324
3.4630 1.7922
2.9356 2.9954
2.3838 4.8706
3.5072 6.2929
3.6294 7.4162
3.4814 9.2384
3.1837 11.7935
2.6827 15.3554
2.2563 18.3873
4.9923 18.2867
6.7583 18.2217
8.7705 18.1547
11.8026 18.0528
13.7244 17.8850
14.8357 17.7409
16.4917 17.9903
19.2618 16.2812
21.1050 16.5582
22.2024 20.6473
22.6232 22.2153
25.4886 23.7147
25.7217 24.4038
24.9142 25.4022
21.9470 26.5796
22.4985 29.5565
22.4715 31.1650
22.4236 34.0220
22.4824 37.2315
23.6162 38.6178
28.2441 35.1731
28.5926 33.5241
29.2902 32.3400
32.0262 35.6680
33.8018 38.9116
36.1757 37.5258
38.0499 38.0437
41.3925 39.1829
42.8376 38.3016
44.1455 38.2970
45.6061 38.8727
47.6482 42.3181
52.1533 48.4724
49.3690 53.1017
46.2362 49.5258
38.2970 43.9703
35.5170 45.2762
33.3460 44.2745
32.3369 45.3945
31.2288 46.9285
30.4769 47.3915
27.9031 45.3796
23.6062 48.2125
21.7943 49.4070
23.8937 58.2560
23.3052 61.1914
22.1100 67.1533
4.8625 82.7981
2.8893 83.0863
1.8867 83.2327
2.0145 86.0450
2.4086 89.1962
4.7036 88.5324
7.2392 87.8757
8.6758 87.3113
10.7713 87.0149
12.7162 87.5707
14.5875 83.5619
14.9360 83.2444
16.4455 83.3022
17.8043 83.6008
18.2461 87.1167
18.5464 89.1240
19.0492 96.0722
28.2335 95.3176
27.7863 87.0516
38.2909 87.9524
43.3538 73.9110
45.0689 69.1541
45.3104 64.4754
58.9972 71.1305
63.0214 73.0873
69.9632 76.7861
72.1861 79.1080
73.8780 80.8754
74.4415 81.4640
72.2236 84.8665
71.9346 85.3098
73.4560 86.5424
76.2532 87.5376
78.6348 83.7429
79.2823 82.9586
79.0409 81.2742
78.5140 79.8044
79.0402 79.4454
82.1239 79.6088
83.8894 78.8775
84.8680 79.4090
87.9279 81.0711
87.9268 81.4379
87.9207 83.3605
89.5202 84.2843
91.0998 85.1967
90.8838 86.0267
90.3810 87.9579
88.6485 89.7648
86.7228 88.0243
84.4167 85.9400
82.7901 87.3434
82.0256 88.3929
82.2600 89.9137
82.5033 91.4929
83.1746 92.8956
82.0731 97.4374
83.8834 96.9207
86.2818 96.2361
88.4245 95.5584
89.2101 95.6352
90.2573 96.1143
90.8742 97.9858
93.4562 97.5418
97.7238 96.8079
97.3741 95.5866
96.5064 92.5557
96.4209 90.0738
96.7723 88.7660
97.9403 88.0758
97.6912 85.7728
97.2248 81.4616
95.8511 80.2956
94.0437 78.6687
92.4417 73.2377
90.1463 74.2517
88.6051 73.7861
85.9009 72.9690
82.8153 73.5109
81.5310 73.7365
79.9769 73.8348
79.6446 72.8292
76.9677 74.3373
74.5026 72.4958
75.3909 71.0832
75.3751 68.1719
75.7261 63.4324
75.0472 60.6897
84.3789 57.0141
97.2769 51.9339
90.4030 47.9573
85.0094 44.8370
77.6106 40.5544
70.0000 40.0000
66.9534 37.3586
92.9161 24.1320
95.9200 22.6017
92.9067 10.7103
84.6078 5.9507
73.5813 7.6688
