47.4165 21.7511
48.2546 20.8147
73.1605 13.9282
89.7900 24.7909
70.0000 40.0000
94.1385 52.5254
80.9321 63.9964
79.6759 67.5631
81.9888 71.0757
85.1066 75.8107
86.9359 82.5870
96.9660 86.7697
94.2100 93.8882
88.5358 93.3371
86.9039 88.6754
82.9924 86.6415
78.8757 85.0898
76.2696 84.1072
73.5603 82.6337
63.5215 72.5496
37.4537 86.0152
29.6100 90.0669
20.4890 84.9546
18.4470 83.8100
14.6650 84.7925
10.4033 85.8996
3.1790 87.7781
5.0024 85.1346
29.9409 48.9780
27.7363 44.9625
25.6642 39.5757
23.5821 34.3108
22.2548 30.9545
24.0545 26.6613
17.3832 19.2048
14.5047 15.9875
9.3645 16.9492
1.9780 18.3311
2.5719 6.2107
2.6680 4.2506
9.6709 5.1695
10.7803 5.6491
14.6495 3.1090
17.2506 5.6197
24.5655 12.6805
34.6864 26.5130
34.7236 33.5718
39.8823 33.6542
43.7403 32.0924
46.5990 30.9352
