Decoded TSP tour:
21.299 57.593 9 18.1104 58.1943
25.201 54.507 9 18.1104 58.1943
26.732 55.612 9 18.1104 58.1943
19.619 52.734 9 18.3466 58.0428
20.103 52.347 9 18.3466 58.0428
18.45 52.954 9 18.3466 58.0428
25.923 53.185 9 18.3466 58.0428
1.527 46.599 9 10.5209 46.9306
27.219 44.51 9 18.9908 40.8635
19.569 24.449 9 21.2326 22.76
12.414 20.962 9 21.2326 22.76
22.494 14.202 9 23.1271 17.7357
21.459 12.53 9 23.1271 17.7357
20.541 9.26 9 23.1271 17.7357
16.123 17.568 9 23.1271 17.7357
15.772 12.549 9 23.1271 17.7357
26.839 11.732 9 24.9463 17.3882
25.542 20.506 9 24.9463 17.3882
29.447 11.243 9 32.116 16.0184
33.5 17.352 9 32.116 16.0184
33.341 22.178 9 32.116 16.0184
40.868 2.981 9 43.8273 11.4805
46.154 2.083 9 46.8743 10.88
45.293 9.057 9 46.8743 10.88
50 10 0 50 10
53.405 3.041 9 53.2971 10.1094
54.032 12.197 9 53.2971 10.1094
53.754 0.148 9 53.5187 9.14492
92.889 3.855 9 89.3259 11.0515
93.574 3.255 9 89.3259 11.0515
94.926 4.006 9 89.3259 11.0515
85.554 10.061 9 89.1301 11.2979
85.841 12.653 9 89.1301 11.2979
88.457 8.185 9 89.1301 11.2979
91.007 13.249 9 89.1301 11.2979
89.359 10.839 9 89.1301 11.2979
91.857 16.502 9 88.1994 16.6191
95.317 17.864 9 88.1994 16.6191
74.679 41.865 9 83.6456 42.6391
91.043 63.691 9 85.8095 60.0074
87.633 63.432 9 85.8095 60.0074
89.091 59.886 9 85.9102 60.0263
93.946 64.003 9 85.9102 60.0263
87.18 60.86 9 85.9779 60.0356
87.173 60.998 9 85.9779 60.0356
93.694 56.925 9 85.9779 60.0356
93.456 57.69 9 85.9779 60.0356
94.619 62.103 9 85.9779 60.0356
94.894 61.262 9 85.9779 60.0356
87.252 72.952 9 80.4329 67.0783
84.146 71.427 9 79.5752 67.469
73.523 67.727 9 79.5752 67.469
86.785 67.217 9 79.5752 67.469
85.968 75.194 9 78.2688 70.8493
76.154 71.763 9 78.2688 70.8493
77.919 74.057 9 78.2688 70.8493
74.447 77.382 9 73.5592 83.0353
78.214 79.218 9 73.5592 83.0353
81.476 87.316 9 73.5592 83.0353
63.631 81.224 9 70.8662 83.426
67.179 79.746 9 70.8662 83.426
67.643 91.829 9 70.8662 83.426
66.971 72.201 9 61.5893 72.9999
66.957 73.797 9 61.5893 72.9999
68.193 67.124 9 61.5893 72.9999
61.493 65.592 9 55.9098 66.6169
62.352 63.144 9 55.9098 66.6169
59.534 67.732 9 55.9098 66.6169
59.007 60.213 9 55.9098 66.6169
52.975 65.56 9 55.9098 66.6169
57.142 56.857 9 48.4686 57.3289
57.243 55.792 9 48.4686 57.3289
55.281 51.871 9 48.4686 57.3289
53.958 52.681 9 45.8483 54.0583
49.571 48.14 9 45.8483 54.0583
51.29 49.58 9 45.8483 54.0583
49.02 51.541 9 45.8483 54.0583
43.243 58.404 9 45.8483 54.0583
42.804 54.74 9 45.8483 54.0583
47.232 45.27 9 45.8483 54.0583
40.978 46.49 9 45.8483 54.0583
33.443 88.578 9 31.1605 89.7235
30.503 90.056 9 31.1605 89.7235
27.59 93.644 9 31.1605 89.7235
36.762 86.092 9 31.1605 89.7235
36.924 96.636 9 31.1605 89.7235
33.626 83.869 9 28.5248 86.5623
20.393 83.793 9 28.5248 86.5623
24.053 94.189 9 27.0267 87.7094
19.881 93.181 9 27.0267 87.7094
26.213 68.977 9 19.8652 75.1552
20.735 74.659 9 19.8652 75.1552
5.777 62.003 9 13.7602 64.4533
7.235 62.367 9 13.7602 64.4533
13.454 69.007 9 13.7602 64.4533
11.878 70.444 9 13.7602 64.4533
8.641 64.188 9 13.7602 64.4533
11.123 60.442 9 13.7602 64.4533
17.374 67.529 9 13.7602 64.4533
11.844 68.394 9 13.7602 64.4533
5.739 68.535 9 13.7602 64.4533
Total tour distance: 312.796
