Decoded TSP tour:
49.4347 86.0537 2.006 49.9673 87.0956
43.9034 88.3872 3.50778 44.9854 89.6422
42.3183 87.3475 3.51834 44.9854 89.6422
40.2902 96.6895 1.70241 41.8338 95.9715
49.1001 97.0702 2.6805 48.7633 97.7633
48.9905 98.5583 0.826849 48.7633 97.7633
56.4281 90.2054 1.49509 56.7459 91.6664
64.4697 94.9116 1.68131 65.798 94.0567
66.5081 91.3032 3.0306 65.798 94.0567
67.6795 96.8283 2.26176 68.4056 95.2786
74.443 98.0205 3.9109 70.9976 96.4931
72.2221 99.2555 3.49479 70.9976 96.4931
71.3065 97.9771 1.51582 70.9976 96.4931
72.3747 95.9811 3.04658 71.6412 95.5039
72.8895 91.5533 1.81282 73.8554 92.2008
75.5897 88.7076 3.38781 75.2218 90.1625
75.8385 89.397 0.982971 75.2218 90.1625
84.7303 97.6119 2.40413 86.0576 98.5837
84.9479 97.5133 1.64364 86.0576 98.5837
86.193 99.2032 0.634173 86.0576 98.5837
84.7755 95.2831 0.776313 85.4237 95.163
84.2511 92.6645 1.14306 85.1096 93.4193
89.0595 90.291 1.20181 89.3769 90.6672
87.8583 88.334 3.49464 89.3769 90.6672
90.1952 89.037 3.70169 91.2906 89.4215
92.6853 90.3106 1.65392 91.2906 89.4215
92.4806 84.1266 1.27801 91.2055 84.212
91.0375 80.9252 0.762589 90.7696 81.6392
75.9403 77.0935 1.33217 75.7537 78.4125
71.9668 79.2858 0.905028 71.9242 79.0142
69.3496 77.5166 2.18052 69.6666 79.3951
67.0963 78.4071 2.37906 66.0873 79.999
66.6863 83.4025 3.62813 66.0873 79.999
64.2971 80.8087 1.62966 65.7819 80.1371
65.7214 76.7065 0.0690749 65.7852 76.7329
67.9701 74.9438 0.477523 67.937 74.9048
72.1063 71.5136 3.47659 71.8803 71.2685
74.758 68.765 2.73167 74.3914 68.4396
73.9755 66.7195 2.67189 74.8158 67.9616
76.3481 68.0515 1.76467 74.8158 67.9616
74.9194 66.3328 3.21228 75.2918 66.4302
75.3204 66.3381 0.0963723 75.2918 66.4302
82.1504 71.4598 2.68812 82.932 69.5389
91.081 71.6914 3.64855 90.0449 72.4331
90.3145 71.6626 1.56992 90.0449 72.4331
90.7256 70.4444 2.102 90.0449 72.4331
91.8252 77.1235 3.52293 94.3434 75.1065
94.404 75.1851 0.0991926 94.3434 75.1065
91.5733 68.725 2.61351 93.9778 69.7491
98.9376 68.3223 1.61958 97.3296 68.1296
92.1248 61.7917 2.94592 95.0062 61.1786
94.3772 57.5521 0.7083 95.0852 57.5734
95.4862 52.7465 2.92087 95.1773 55.651
85.3769 55.416 1.19137 85.6658 56.5718
78.8975 61.3791 1.71251 79.0736 59.6757
74.7548 56.6635 2.64378 76.1907 55.5921
75.1238 56.355 2.25919 76.1907 55.5921
74.9757 51.8098 1.22736 74.037 52.6004
70.1631 48.5955 3.46432 71.9442 50.5498
70.3858 48.2898 2.90158 71.9442 50.5498
70.2027 51.2646 1.88246 71.9442 50.5498
75.7059 48.3543 2.71854 74.1416 46.3674
74.0184 45.6925 0.686041 74.1416 46.3674
79.5563 49.1563 0.828894 79.5211 48.3282
80.0039 44.2789 3.7953 82.0059 46.0324
82.166 45.384 0.895923 82.0059 46.0324
83.2473 46.4582 0.474822 83.2828 46.2517
83.8356 49.2214 3.00613 84.579 46.4743
85.727 46.8848 1.21917 84.579 46.4743
84.7108 44.2604 3.54561 84.4326 44.2074
83.9818 43.9587 0.674097 84.4326 44.2074
86.3064 44.0864 1.92763 84.4326 44.2074
85.823 42.2536 2.29003 83.9887 43.6047
80.1284 42.2928 2.92969 83.0523 42.109
82.4553 37.9749 2.67546 83.6665 40.3605
87.3495 37.1432 3.69541 86.9937 40.6939
92.05 40.0562 1.65516 91.8748 41.3533
95.9689 41.808 1.44486 94.7481 41.7414
94.808 43.2514 1.5112 94.7481 41.7414
94.9979 34.851 2.82441 92.2477 35.4046
90.9219 35.3086 1.32922 92.2477 35.4046
95.6406 28.6845 2.29647 94.018 28.2813
96.9141 16.7463 0.726084 96.8535 16.7315
98.6909 7.72358 2.02886 98.8278 8.68995
99.8277 8.49955 1.01789 98.8278 8.68995
94.8136 7.13702 2.30274 95.3206 9.38325
94.0901 9.35887 1.36589 94.2082 9.73373
87.3023 11.9374 0.026883 87.2976 11.9109
81.5208 13.6878 3.13512 81.495 11.9998
77.464 15.6282 3.56723 77.5709 12.0626
76.1173 11.8321 0.047676 76.1644 11.8395
79.6523 4.14463 0.874213 79.5362 4.09408
82.3361 2.42033 2.44606 80.2366 3.67538
77.8827 4.11235 3.34553 77.2351 2.67908
77.3352 0.00945 2.6715 77.2351 2.67908
69.8176 1.30682 1.57264 70.4534 2.7452
71.8295 5.85575 0.986674 70.9183 5.47723
68.7842 11.8632 2.31831 67.4197 9.989
64.1813 8.88593 1.459 64.3285 10.3088
61.5062 10.2838 0.760429 62.2182 10.5509
62.9449 12.9098 2.48966 63.4306 12.626
66.2734 16.5814 0.476401 65.8095 16.6896
62.8697 20.9291 3.2881 65.0946 19.7614
65.7892 19.5599 2.2513 65.0946 19.7614
64.8811 21.1972 1.45158 65.0946 19.7614
75.3053 17.7805 0.815641 75.3662 18.5939
77.7502 18.7938 3.83755 76.1401 18.9342
77.4727 18.0575 1.59513 76.1401 18.9342
83.1155 24.6903 2.63669 80.5765 23.9792
76.5389 22.0861 0.770611 76.4905 22.8551
76.2706 23.4637 3.27766 75.5037 23.6604
75.4199 23.3656 0.306454 75.5037 23.6604
68.7924 27.9017 3.94637 65.8992 28.55
67.6691 30.587 2.75036 65.8992 28.55
65.7573 28.4959 0.15191 65.8992 28.55
74.4851 34.7013 1.66814 73.2477 33.9928
72.42 34.9981 1.30226 73.2477 33.9928
75.0516 36.4713 3.18064 75.9441 36.0862
74.1862 37.6646 3.06508 75.9441 36.0862
77.2673 35.3236 1.52716 75.9441 36.0862
76.5757 39.1932 0.322409 76.3506 39.2781
77.7363 41.2571 2.41598 76.3506 39.2781
76.0468 40.8299 1.3388 75.4626 39.7653
69.4258 42.6618 0.367001 69.6296 42.967
63.0662 46.0732 3.87908 64.3067 47.2155
64.045 44.9107 3.36869 64.3067 47.2155
65.0247 48.4739 1.44885 64.3067 47.2155
58.5988 48.8076 3.71466 61.8584 47.4
60.814 45.865 3.56073 61.8584 47.4
61.332 47.818 0.672103 61.8584 47.4
64.4826 39.6275 1.77027 64.0651 39.7832
64.627 39.5987 0.591454 64.0651 39.7832
59.8275 37.2156 1.09588 59.9402 36.6394
60.3132 36.9078 0.91529 59.9402 36.6394
59.9264 35.207 1.43243 59.9402 36.6394
58.9807 40.3692 1.22931 58.1108 39.8777
55.4605 43.2139 3.47162 57.0721 41.7164
57.2412 42.4061 2.5354 57.0721 41.7164
56.2811 43.4068 1.86632 57.0721 41.7164
54.1254 38.6935 0.146441 54.256 38.6272
55.8945 37.2992 0.953111 55.0824 37.7981
49.0147 34.9475 2.6168 50.963 33.2015
49.8213 32.0888 2.68687 50.8582 33.1889
48.8252 33.4678 2.05205 50.8582 33.1889
53.5198 31.6109 3.98994 52.9398 31.4166
53.085 32.1161 1.13282 52.9398 31.4166
53.4297 29.2302 2.96049 52.9398 31.4166
59.6161 30.5374 3.77638 56.7046 28.6077
59.2576 30.0921 2.95315 56.7046 28.6077
57.8987 27.0669 3.90923 56.3411 27.6717
58.5251 25.3352 2.8928 56.429 27.3288
56.1847 25.5187 1.3818 55.4526 26.6906
52.7275 27.0565 2.91821 51.9738 24.5456
49.4833 26.9493 3.46123 51.9738 24.5456
47.9977 20.6394 1.26186 49.1573 21.137
56.1453 18.9705 3.3151 55.2601 19.8126
54.7913 22.7911 3.98639 55.2601 19.8126
56.4631 20.9863 3.14697 56.4025 20.7378
56.7074 20.9848 0.392388 56.4025 20.7378
59.6668 17.1521 2.76589 56.9093 16.9374
58.9625 15.5492 2.36824 56.7709 16.0054
56.6801 15.8457 3.20715 56.7709 16.0054
53.6864 15.1981 3.24926 56.7709 16.0054
56.7601 13.3255 3.62072 57.2172 15.6408
58.6675 14.4559 1.87277 57.2172 15.6408
54.0981 10.2091 1.96576 52.912 11.7766
44.6523 7.1683 2.25071 45.6293 6.8724
46.5921 4.24755 2.79585 45.6293 6.8724
43.2503 8.7931 1.46092 42.9197 7.66962
40.7182 8.45085 2.06518 41.0029 8.89582
40.4237 12.947 3.51258 40.3961 9.43458
33.2403 8.16017 1.99411 33.2128 9.25413
32.6364 9.71905 1.04474 32.631 9.23951
32.5307 9.60362 0.377683 32.631 9.23951
28.4719 7.12437 0.46477 28.3348 7.56846
25.0904 4.2535 2.60277 24.8374 6.84395
16.5338 6.31402 0.10641 16.5568 6.41791
17.1382 10.2546 2.5413 15.0307 9.01725
14.259 13.4288 2.54767 12.5632 13.2201
12.5519 14.734 2.08992 12.5632 13.2201
12.5479 14.2955 1.07556 12.5632 13.2201
13.0118 10.0758 0.848986 12.1731 10.2075
12.3429 3.72083 1.29239 11.1079 4.10142
10.7326 2.49095 1.86178 10.257 3.78982
2.34935 1.70725 1.51415 2.62218 0.968862
0 0 0 0 0
2.12502 13.8908 0.149266 1.97696 13.9097
5.2982 16.1674 3.23892 2.08546 16.3125
0.610975 22.3311 1.76639 2.34118 21.9754
4.72912 38.2205 1.82927 6.48271 37.6998
8.7059 46.6269 1.04977 9.43768 45.8742
13.3837 46.0323 2.16212 13.6173 44.6363
14.241 46.1101 1.60043 13.6173 44.6363
17.0957 43.177 3.07489 17.8239 42.3746
19.293 43.8704 2.09654 17.8239 42.3746
19.3226 41.061 2.6824 17.768 42.3047
15.8066 40.877 0.742949 16.5459 40.8029
18.7791 36.0166 2.01531 17.0833 35.8332
18.4766 32.5001 1.03815 17.4389 32.5303
15.2685 27.387 1.68621 15.9856 27.2374
14.3588 25.8838 2.1163 15.9856 27.2374
21.1268 22.9892 2.30005 20.7689 23.329
20.9892 20.7572 2.58126 20.7689 23.329
20.9956 24.2822 3.50586 20.7571 23.4661
20.6862 21.9667 1.63017 20.7571 23.4661
19.9845 27.4016 0.687027 20.6345 27.1791
22.7932 31.8095 0.83907 23.4214 31.2533
25.4985 33.4547 0.837233 25.8146 33.0287
26.5141 33.5758 0.0227537 26.5257 33.5562
30.2641 36.115 1.07772 30.1352 35.4487
32.2946 34.1886 3.10177 30.1352 35.4487
31.8731 36.0461 1.83773 30.1352 35.4487
29.4659 31.2299 2.03622 28.916 31.3954
28.216 27.2877 2.41843 28.1206 28.751
27.6568 28.0813 0.814608 28.1206 28.751
33.9891 25.3104 3.76596 34.1115 26.602
34.0987 26.484 0.11872 34.1115 26.602
39.2178 28.4875 2.7558 41.6993 27.4198
42.3445 27.2316 0.672103 41.6993 27.4198
43.3124 33.0226 3.17423 40.3205 31.9623
37.4986 37.9478 3.33898 37.7382 38.5962
37.4906 38.7355 0.284097 37.7382 38.5962
39.4736 37.6722 0.490781 39.3743 38.1528
43.2425 40.8624 1.99343 43.6489 39.8206
45.0155 41.584 2.3336 46.7737 41.0398
44.8986 41.381 2.1077 46.7737 41.0398
49.0937 40.0849 2.5088 46.7737 41.0398
48.8014 47.1117 3.26165 47.2865 47.9694
47.3591 48.071 0.124938 47.2865 47.9694
46.7183 46.795 2.19622 46.3805 47.1855
43.5222 45.0811 3.77751 45.0578 47.9048
43.1088 48.2723 0.688285 43.4744 48.6651
40.7628 47.3901 2.99638 43.4744 48.6651
42.8059 50.9693 2.83137 43.1588 51.0167
44.5494 51.8385 3.47537 42.9805 52.3448
44.413 51.8214 1.90131 42.9805 52.3448
43.0542 52.0798 3.67163 42.9805 52.3448
43.4796 52.4779 0.516563 42.9805 52.3448
41.3638 51.8118 1.08225 42.0464 52.6516
41.8965 53.7976 3.53601 41.4158 53.6166
40.5297 53.2312 3.15748 41.4158 53.6166
38.9665 52.1661 3.68947 40.4409 53.6934
39.6583 53.3929 0.838304 40.4409 53.6934
40.7033 55.5378 0.254315 40.449 55.5375
40.4688 56.3576 2.04282 40.459 56.3143
41.7658 57.6063 1.89216 40.459 56.3143
41.3239 57.0651 1.14538 40.459 56.3143
39.2436 59.344 2.54039 38.3637 57.5871
38.123 58.912 1.34662 38.3637 57.5871
36.8297 55.6905 0.0597683 36.8866 55.6722
33.2761 49.6482 3.64863 36.3017 51.1962
37.0745 51.1465 3.59572 36.3017 51.1962
34.822 51.0418 1.48775 36.3017 51.1962
36.346 45.5586 3.68137 36.7852 44.6095
35.7765 45.5234 1.43654 36.7852 44.6095
37.3237 47.1648 3.80613 36.7852 44.6095
38.0514 44.2529 1.31546 36.7852 44.6095
34.2418 45.0413 2.35795 36.2954 43.8827
35.057 38.8871 2.37143 34.6487 40.8227
36.0198 39.3899 1.98317 34.6487 40.8227
31.7652 39.5927 0.70128 32.09 40.2142
28.2316 43.8665 3.89086 29.7788 43.3674
27.252 44.4723 3.72727 29.7788 43.3674
27.2689 42.1855 2.77424 29.7788 43.3674
31.2464 46.9846 2.84586 28.9329 46.3223
26.5492 47.5983 1.94051 28.4817 47.7749
30.8045 50.3614 3.27578 28.6166 49.7839
31.9169 49.6312 3.30385 28.6166 49.7839
29.2116 52.625 2.26917 28.6689 54.0366
30.1798 54.1346 1.51411 28.6689 54.0366
28.8726 55.2137 1.05777 29.0415 55.1576
30.7328 57.781 3.99198 30.0146 58.0854
30.6886 60.6373 3.90316 30.0146 58.0854
32.8006 59.1862 2.99562 30.0146 58.0854
26.5978 58.3007 0.0580748 26.623 58.2484
22.8912 56.1225 3.11746 23.9786 55.1841
19.0289 48.6519 3.33406 20.7628 51.4578
21.4066 50.2747 1.34697 20.7628 51.4578
17.2193 51.7951 2.28865 17.2147 51.7366
11.1344 51.5807 0.982399 11.1832 52.2068
8.9679 51.4227 3.39863 10.1109 52.2904
9.35257 52.2461 0.759615 10.1109 52.2904
11.4589 55.4068 3.56199 10.9045 57.1938
10.7151 57.1828 3.24699 10.9045 57.1938
12.5031 65.2026 2.08947 10.4674 64.7317
8.8531 66.0937 0.282852 8.91022 65.8167
2.40427 62.3744 3.93631 3.02537 63.1972
2.20628 60.7249 2.6045 3.02537 63.1972
0.331025 69.3032 2.71836 2.28302 67.9915
1.69202 67.9044 0.597387 2.28302 67.9915
0.00155 79.2564 1.94857 1.71285 78.3245
8.34778 79.0334 2.12938 8.33785 79.1164
13.1154 76.2785 3.38508 12.6841 79.6359
16.4015 79.8607 0.646261 15.7913 80.0737
13.9285 83.1657 0.624475 13.9239 83.1629
12.1212 83.5253 1.42062 13.2983 84.2211
2.30793 97.4497 3.65212 5.89199 96.7479
15.451 94.4715 0.949606 15.4449 95.4211
22.2763 97.92 3.72493 22.4837 96.9892
26.6212 98.8512 2.53428 24.5024 97.4608
27.2795 90.9405 3.61327 26.5609 90.7766
23.8316 88.2043 3.75047 26.5609 90.7766
32.2237 93.2864 2.77079 30.8322 90.8903
30.896 84.8683 3.86953 33.2771 86.8761
33.324 88.8623 2.04762 33.2771 86.8761
32.7339 86.4767 0.674261 33.2771 86.8761
36.3513 83.687 3.00422 36.6836 82.8973
35.6091 81.9958 1.40269 36.6836 82.8973
40.9139 82.7298 3.07715 38.0265 81.6659
40.4153 76.3084 1.7019 38.818 76.8959
36.1103 75.9599 2.34194 36.4016 77.3886
31.6019 76.5275 2.25452 31.9248 78.235
30.4634 78.6539 2.85214 29.9332 78.6115
29.5312 77.7594 0.942171 29.9332 78.6115
29.2379 80.0224 1.16747 28.8264 79.5221
27.4824 83.1529 2.40945 26.2257 81.1722
22.6094 83.2183 2.94521 24.2031 82.4555
24.1584 82.4956 0.0600879 24.2031 82.4555
20.9401 75.2051 3.21028 21.624 75.3834
22.4677 76.027 1.60092 21.624 75.3834
19.4145 76.0326 2.30287 21.624 75.3834
21.0091 68.3516 2.12961 19.6051 68.7808
18.3822 65.7727 2.01222 18.6978 65.8136
17.2729 64.9732 1.65429 18.6978 65.8136
21.6688 63.7322 1.8246 21.99 64.6128
24.4446 63.1281 0.625284 24.3447 63.7453
28.202 68.6988 3.0947 29.2569 65.7894
34.7277 67.4825 2.94201 32.3238 66.6384
31.5835 68.6781 2.57022 32.3238 66.6384
40.2054 70.4585 2.10499 39.5025 70.2249
39.4302 70.4283 0.21585 39.5025 70.2249
42.3891 68.379 3.39826 40.2216 66.5128
41.6832 67.2999 2.73125 40.2216 66.5128
37.6153 65.2627 3.91372 40.2216 66.5128
39.7753 66.1983 0.545946 40.2216 66.5128
42.8852 65.0998 2.63851 42.9388 65.2119
44.4217 64.7039 0.862363 43.8967 65.0101
46.2289 65.5692 2.8726 43.8967 65.0101
44.8988 67.7847 3.81445 43.8967 65.0101
45.8847 65.7157 2.10945 43.8967 65.0101
43.7645 63.1864 3.82992 43.4681 62.4096
44.542 62.0002 1.14927 43.4681 62.4096
42.1145 60.8719 0.0091942 42.1231 60.8754
45.11 59.2193 0.345747 44.8439 58.9986
46.1191 55.3112 0.640595 46.3681 55.7573
45.6168 55.3496 0.854739 46.3681 55.7573
47.8105 52.5088 1.45158 48.0148 53.946
47.8029 54.5327 0.328973 48.0911 54.3741
50.342 58.1772 0.970213 50.3436 58.1762
53.1029 58.7134 3.70925 50.9137 59.1386
51.0767 59.9316 0.809644 50.9137 59.1386
51.7318 54.064 1.20063 51.8035 53.8505
51.8225 53.851 0.0190516 51.8035 53.8505
50.9611 51.5263 0.569968 50.7701 51.7798
50.5204 51.7746 0.249781 50.7701 51.7798
50.0755 49.526 1.25818 51.2794 49.8916
51.4644 46.2734 1.96658 51.9328 47.9509
51.3323 47.3944 2.01934 51.9328 47.9509
52.0729 45.6617 2.01353 51.9499 47.6715
52.7031 49.5684 0.989927 53.2 48.7123
54.8709 48.0989 1.10226 54.2179 48.9869
55.2621 52.9866 3.56129 54.9453 49.9958
55.9361 51.8971 2.27311 54.9453 49.9958
54.0993 51.1211 2.21543 54.9453 49.9958
56.7604 48.0907 3.46176 55.5045 49.6789
56.4549 49.1402 1.09243 55.5045 49.6789
57.768 55.4125 0.189258 57.9149 55.2932
61.7514 53.5726 2.85771 59.4704 54.5619
61.4918 51.7088 3.67943 59.4704 54.5619
59.205 55.76 2.65138 59.4704 54.5619
59.0369 52.1624 3.0448 59.4704 54.5619
60.9642 55.7678 0.385867 60.7983 55.929
63.5648 58.6141 0.592586 63.6987 58.0368
66.0957 55.8768 1.2541 65.7547 57.0836
68.0484 58.4864 1.60607 67.1846 59.0219
67.6624 58.9604 0.481744 67.1846 59.0219
68.0334 62.579 2.4747 66.8846 63.4522
67.8084 64.88 1.7006 66.8846 63.4522
62.1796 60.0916 3.77261 61.8222 60.8149
61.7325 60.2897 0.532779 61.8222 60.8149
63.2317 61.378 3.09925 62.08 62.3244
62.1382 61.2182 1.10778 62.08 62.3244
62.4817 64.7784 1.71729 61.9709 63.1389
56.7084 61.0847 3.55272 57.1288 63.8698
53.3194 62.871 3.22455 54.6129 64.2495
53.6353 62.5865 1.92913 54.6129 64.2495
55.5813 65.9389 1.3995 54.9342 64.7959
52.9024 64.8021 2.03175 54.9342 64.7959
61.6925 66.4791 0.421736 61.4336 66.812
63.9561 69.9443 2.04635 61.9291 70.2252
63.1063 74.4484 0.651285 62.4702 74.3089
59.3606 77.3659 3.76115 60.9466 74.7054
60.7709 76.3761 1.67992 60.9466 74.7054
53.2499 71.4317 2.10973 52.9163 73.059
50.0329 71.6923 4.00152 51.0809 72.6827
49.5023 72.1454 1.66755 51.0809 72.6827
52.7263 74.9715 1.14975 53.0381 74.6634
55.2899 75.9977 1.10762 54.6194 76.5574
60.2356 81.9564 0.961534 59.3005 82.1803
54.0177 81.8894 3.95553 56.3604 83.8276
56.1365 83.4511 2.11637 56.3604 83.8276
Total tour distance: 1066.65
