29.95 2.64 3.899038
2.02 2.33 3.899038
9.81 8.48 3.899038
13.46 4.08 3.899038
7.81 6.7 3.899038
10.09 10.01 3.899038
29.27 17.77 3.899038
29.82 9.49 3.899038
5.55 11.21 3.899038
4.64 13.02 3.899038
34.52 6.37 3.899038
5.71 19.82 3.899038
26.56 1.28 3.899038
16.23 17.23 3.899038
20.67 6.94 3.899038
17.25 9.27 3.899038
36.0 4.59 3.899038
11.09 11.96 3.899038
3.66 3.39 3.899038
7.78 12.82 3.899038
3.86 16.16 3.899038
39.18 12.17 3.899038
33.32 10.49 3.899038
25.97 3.49 3.899038
8.11 12.95 3.899038
2.41 10.69 3.899038
26.58 3.6 3.899038
3.94 19.44 3.899038
37.86 18.62 3.899038
2.64 0.36 3.899038
20.5 18.33 3.899038
35.38 1.25 3.899038
16.46 18.17 3.899038
29.93 6.24 3.899038
5.47 0.25 3.899038
33.73 19.02 3.899038
4.6 2.67 3.899038
30.6 7.81 3.899038
18.28 4.56 3.899038
10.21 9.62 3.899038
23.47 3.88 3.899038
35.35 11.12 3.899038
15.29 5.81 3.899038
12.03 3.85 3.899038
17.87 19.02 3.899038
27.4 11.01 3.899038
5.55 17.53 3.899038
0.47 3.63 3.899038
39.35 5.4 3.899038
30.62 3.29 3.899038
3.87 1.99 3.899038
29.01 9.2 3.899038
9.31 5.12 3.899038
17.66 6.92 3.899038
4.01 9.8 3.899038
1.49 16.29 3.899038
22.14 19.77 3.899038
38.05 16.19 3.899038
11.79 9.69 3.899038
10.17 3.33 3.899038
28.34 15.12 3.899038
6.34 2.94 3.899038
18.19 8.14 3.899038
13.93 8.59 3.899038
17.68 15.78 3.899038
30.23 8.71 3.899038
32.48 19.06 3.899038
16.32 17.42 3.899038
22.23 9.9 3.899038
38.68 6.97 3.899038
15.41 3.54 3.899038
23.74 19.44 3.899038
19.62 3.89 3.899038
30.07 15.24 3.899038
32.2 19.45 3.899038
23.56 15.68 3.899038
16.04 7.06 3.899038
20.28 17.36 3.899038
25.81 1.21 3.899038
22.21 15.78 3.899038
29.44 6.32 3.899038
10.82 15.61 3.899038
9.97 9.42 3.899038
23.34 5.23 3.899038
12.64 10.9 3.899038
16.99 12.94 3.899038
2.35 10.59 3.899038
25.92 2.48 3.899038
36.42 6.99 3.899038
35.99 5.14 3.899038
17.66 6.78 3.899038
2.4 6.19 3.899038
12.72 2.46 3.899038
35.03 3.01 3.899038
0.8 15.33 3.899038
16.77 12.38 3.899038
37.66 1.54 3.899038
39.46 4.59 3.899038
19.94 18.52 3.899038
2.78 1.65 0
