29.95 2.64 0.779865
2.02 2.33 0.779865
9.81 8.48 0.779865
13.46 4.08 0.779865
7.81 6.7 0.779865
10.09 10.01 0.779865
29.27 17.77 0.779865
29.82 9.49 0.779865
5.55 11.21 0.779865
4.64 13.02 0.779865
34.52 6.37 0.779865
5.71 19.82 0.779865
26.56 1.28 0.779865
16.23 17.23 0.779865
20.67 6.94 0.779865
17.25 9.27 0.779865
36.0 4.59 0.779865
11.09 11.96 0.779865
3.66 3.39 0.779865
7.78 12.82 0.779865
3.86 16.16 0.779865
39.18 12.17 0.779865
33.32 10.49 0.779865
25.97 3.49 0.779865
8.11 12.95 0.779865
2.41 10.69 0.779865
26.58 3.6 0.779865
3.94 19.44 0.779865
37.86 18.62 0.779865
2.64 0.36 0.779865
20.5 18.33 0.779865
35.38 1.25 0.779865
16.46 18.17 0.779865
29.93 6.24 0.779865
5.47 0.25 0.779865
33.73 19.02 0.779865
4.6 2.67 0.779865
30.6 7.81 0.779865
18.28 4.56 0.779865
10.21 9.62 0.779865
23.47 3.88 0.779865
35.35 11.12 0.779865
15.29 5.81 0.779865
12.03 3.85 0.779865
17.87 19.02 0.779865
27.4 11.01 0.779865
5.55 17.53 0.779865
0.47 3.63 0.779865
39.35 5.4 0.779865
30.62 3.29 0.779865
3.87 1.99 0.779865
29.01 9.2 0.779865
9.31 5.12 0.779865
17.66 6.92 0.779865
4.01 9.8 0.779865
1.49 16.29 0.779865
22.14 19.77 0.779865
38.05 16.19 0.779865
11.79 9.69 0.779865
10.17 3.33 0.779865
28.34 15.12 0.779865
6.34 2.94 0.779865
18.19 8.14 0.779865
13.93 8.59 0.779865
17.68 15.78 0.779865
30.23 8.71 0.779865
32.48 19.06 0.779865
16.32 17.42 0.779865
22.23 9.9 0.779865
38.68 6.97 0.779865
15.41 3.54 0.779865
23.74 19.44 0.779865
19.62 3.89 0.779865
30.07 15.24 0.779865
32.2 19.45 0.779865
23.56 15.68 0.779865
16.04 7.06 0.779865
20.28 17.36 0.779865
25.81 1.21 0.779865
22.21 15.78 0.779865
29.44 6.32 0.779865
10.82 15.61 0.779865
9.97 9.42 0.779865
23.34 5.23 0.779865
12.64 10.9 0.779865
16.99 12.94 0.779865
2.35 10.59 0.779865
25.92 2.48 0.779865
36.42 6.99 0.779865
35.99 5.14 0.779865
17.66 6.78 0.779865
2.4 6.19 0.779865
12.72 2.46 0.779865
35.03 3.01 0.779865
0.8 15.33 0.779865
16.77 12.38 0.779865
37.66 1.54 0.779865
39.46 4.59 0.779865
19.94 18.52 0.779865
2.78 1.65 0
