2.0 4.0 11.400030
2.0 5.0 11.400030
2.0 6.0 11.400030
2.0 7.0 11.400030
2.0 8.0 11.400030
2.0 9.0 11.400030
2.0 10.0 11.400030
2.0 11.0 11.400030
2.0 12.0 11.400030
2.0 13.0 11.400030
2.0 14.0 11.400030
2.0 15.0 11.400030
2.0 16.0 11.400030
2.0 17.0 11.400030
2.0 18.0 11.400030
2.0 19.0 11.400030
2.0 20.0 11.400030
2.0 21.0 11.400030
2.0 22.0 11.400030
2.0 23.0 11.400030
2.0 24.0 11.400030
2.0 25.0 11.400030
2.0 26.0 11.400030
2.0 27.0 11.400030
2.0 28.0 11.400030
2.0 29.0 11.400030
2.0 30.0 11.400030
2.0 31.0 11.400030
2.0 32.0 11.400030
2.0 33.0 11.400030
2.0 34.0 11.400030
2.0 35.0 11.400030
2.0 36.0 11.400030
3.0 4.0 11.400030
3.0 5.0 11.400030
3.0 6.0 11.400030
3.0 7.0 11.400030
3.0 8.0 11.400030
3.0 9.0 11.400030
3.0 10.0 11.400030
3.0 11.0 11.400030
3.0 12.0 11.400030
3.0 13.0 11.400030
3.0 14.0 11.400030
3.0 15.0 11.400030
3.0 16.0 11.400030
3.0 17.0 11.400030
3.0 18.0 11.400030
3.0 19.0 11.400030
3.0 20.0 11.400030
3.0 21.0 11.400030
3.0 22.0 11.400030
3.0 23.0 11.400030
3.0 24.0 11.400030
3.0 25.0 11.400030
3.0 26.0 11.400030
3.0 27.0 11.400030
3.0 28.0 11.400030
3.0 29.0 11.400030
3.0 30.0 11.400030
3.0 31.0 11.400030
3.0 32.0 11.400030
3.0 33.0 11.400030
3.0 34.0 11.400030
3.0 35.0 11.400030
4.0 4.0 11.400030
4.0 5.0 11.400030
4.0 6.0 11.400030
4.0 7.0 11.400030
4.0 8.0 11.400030
4.0 9.0 11.400030
4.0 10.0 11.400030
4.0 11.0 11.400030
4.0 12.0 11.400030
4.0 13.0 11.400030
4.0 14.0 11.400030
4.0 15.0 11.400030
4.0 16.0 11.400030
4.0 17.0 11.400030
4.0 18.0 11.400030
4.0 19.0 11.400030
4.0 20.0 11.400030
4.0 21.0 11.400030
4.0 22.0 11.400030
4.0 23.0 11.400030
4.0 24.0 11.400030
4.0 25.0 11.400030
4.0 26.0 11.400030
4.0 27.0 11.400030
4.0 28.0 11.400030
4.0 29.0 11.400030
4.0 30.0 11.400030
4.0 31.0 11.400030
4.0 32.0 11.400030
4.0 33.0 11.400030
4.0 34.0 11.400030
4.0 35.0 11.400030
4.0 36.0 11.400030
5.0 15.0 11.400030
5.0 18.3 11.400030
5.0 31.0 11.400030
6.0 4.0 11.400030
7.0 3.0 11.400030
7.0 6.0 11.400030
7.0 15.0 11.400030
7.0 16.0 11.400030
7.0 18.0 11.400030
7.0 21.0 11.400030
7.0 24.0 11.400030
7.0 27.0 11.400030
7.0 30.0 11.400030
7.0 33.0 11.400030
7.0 36.0 11.400030
8.0 3.0 11.400030
8.0 6.0 11.400030
8.0 10.3 11.400030
8.0 15.0 11.400030
8.0 18.0 11.400030
8.0 21.0 11.400030
8.0 24.0 11.400030
8.0 26.0 11.400030
8.0 27.0 11.400030
8.0 30.0 11.400030
8.0 33.0 11.400030
8.0 36.0 11.400030
9.0 3.0 11.400030
9.0 6.0 11.400030
9.0 15.0 11.400030
9.0 18.0 11.400030
9.0 21.0 11.400030
9.0 24.0 11.400030
9.0 27.0 11.400030
9.0 30.0 11.400030
9.0 33.0 11.400030
9.0 36.0 11.400030
10.0 3.0 11.400030
10.0 6.0 11.400030
10.0 11.0 11.400030
10.0 15.0 11.400030
10.0 16.3 11.400030
10.0 18.0 11.400030
10.0 21.0 11.400030
10.0 24.0 11.400030
10.0 26.0 11.400030
10.0 27.0 11.400030
10.0 30.0 11.400030
10.0 33.0 11.400030
10.0 36.0 11.400030
11.0 3.0 11.400030
11.0 6.0 11.400030
11.0 7.0 11.400030
11.0 9.0 11.400030
11.0 15.0 11.400030
11.0 18.0 11.400030
11.0 21.0 11.400030
11.0 24.0 11.400030
11.0 27.0 11.400030
11.0 30.0 11.400030
11.0 33.0 11.400030
11.0 36.0 11.400030
12.0 3.0 11.400030
12.0 6.0 11.400030
12.0 15.0 11.400030
12.0 17.0 11.400030
12.0 18.0 11.400030
12.0 21.0 11.400030
12.0 24.0 11.400030
12.0 27.0 11.400030
12.0 30.0 11.400030
12.0 33.0 11.400030
12.0 36.0 11.400030
13.0 3.0 11.400030
13.0 6.0 11.400030
13.0 7.0 11.400030
13.0 11.3 11.400030
13.0 15.0 11.400030
13.0 18.0 11.400030
13.0 21.0 11.400030
13.0 22.0 11.400030
13.0 24.0 11.400030
13.0 27.0 11.400030
13.0 30.0 11.400030
13.0 33.0 11.400030
13.0 36.0 11.400030
14.0 3.0 11.400030
14.0 6.0 11.400030
14.0 9.3 11.400030
14.0 15.0 11.400030
14.0 18.0 11.400030
14.0 20.0 11.400030
14.0 21.0 11.400030
14.0 24.0 11.400030
14.0 25.0 11.400030
14.0 27.0 11.400030
14.0 28.2 11.400030
14.0 29.0 11.400030
14.0 30.0 11.400030
14.0 33.0 11.400030
14.0 36.0 11.400030
15.0 15.0 11.400030
15.0 18.0 11.400030
15.0 19.0 11.400030
15.0 21.0 11.400030
15.0 24.0 11.400030
15.0 27.0 11.400030
15.0 28.0 11.400030
15.0 28.6 11.400030
15.0 30.0 11.400030
15.0 33.0 11.400030
15.0 36.0 11.400030
16.0 11.0 11.400030
16.0 13.0 11.400030
16.0 15.0 11.400030
16.0 18.0 11.400030
16.0 21.0 11.400030
16.0 24.0 11.400030
16.0 27.0 11.400030
16.0 30.0 11.400030
16.0 33.0 11.400030
16.0 36.0 11.400030
17.0 12.0 11.400030
17.0 15.0 11.400030
17.0 18.0 11.400030
17.0 21.0 11.400030
17.0 24.0 11.400030
17.0 36.0 11.400030
18.0 3.0 11.400030
18.0 6.0 11.400030
18.0 12.3 11.400030
18.0 15.0 11.400030
18.0 18.0 11.400030
18.0 21.0 11.400030
18.0 24.0 11.400030
19.0 3.0 11.400030
19.0 6.0 11.400030
19.0 30.0 11.400030
19.0 35.2 11.400030
20.0 3.0 11.400030
20.0 3.7 11.400030
20.0 6.0 11.400030
20.0 8.0 11.400030
20.0 9.0 11.400030
20.0 10.0 11.400030
20.0 11.0 11.400030
20.0 12.0 11.400030
20.0 13.0 11.400030
20.0 14.0 11.400030
20.0 15.0 11.400030
20.0 16.0 11.400030
20.0 17.0 11.400030
20.0 18.0 11.400030
20.0 19.0 11.400030
20.0 20.0 11.400030
20.0 21.0 11.400030
20.0 22.0 11.400030
20.0 23.0 11.400030
20.0 24.0 11.400030
20.0 25.0 11.400030
20.0 26.0 11.400030
20.0 27.0 11.400030
20.0 28.0 11.400030
20.0 29.0 11.400030
20.0 30.0 11.400030
20.0 31.0 11.400030
20.0 35.0 11.400030
21.0 3.0 11.400030
21.0 6.0 11.400030
21.0 32.0 11.400030
22.0 3.0 11.400030
22.0 4.7 11.400030
22.0 6.0 11.400030
22.0 32.0 11.400030
23.0 3.0 11.400030
23.0 6.0 11.400030
23.0 34.0 11.400030
24.0 3.0 11.400030
24.0 6.0 11.400030
24.0 21.0 11.400030
25.0 3.0 11.400030
25.0 8.0 11.400030
26.0 4.0 11.400030
26.0 5.0 11.400030
26.0 8.0 11.400030
26.0 9.0 11.400030
26.0 10.0 11.400030
26.0 11.0 11.400030
26.0 12.0 11.400030
26.0 13.0 11.400030
26.0 14.0 11.400030
26.0 15.0 11.400030
26.0 16.0 11.400030
26.0 17.0 11.400030
26.0 18.0 11.400030
26.0 19.0 11.400030
26.0 20.0 11.400030
26.0 21.0 11.400030
26.0 22.0 11.400030
26.0 23.0 11.400030
26.0 24.0 11.400030
26.0 25.0 11.400030
26.0 26.0 11.400030
26.0 27.0 11.400030
26.0 28.0 11.400030
26.0 29.0 11.400030
26.0 30.0 11.400030
26.0 31.0 11.400030
26.0 34.0 11.400030
27.0 7.0 11.400030
27.0 8.0 11.400030
27.0 9.0 11.400030
27.0 10.0 11.400030
27.0 11.0 11.400030
27.0 12.0 11.400030
27.0 13.0 11.400030
27.0 14.0 11.400030
27.0 15.0 11.400030
27.0 16.0 11.400030
27.0 17.0 11.400030
27.0 18.0 11.400030
27.0 19.0 11.400030
27.0 20.0 11.400030
27.0 21.0 11.400030
27.0 22.0 11.400030
27.0 23.0 11.400030
27.0 25.0 11.400030
27.0 26.0 11.400030
27.0 27.0 11.400030
27.0 28.0 11.400030
27.0 29.0 11.400030
27.0 30.0 11.400030
27.0 31.0 11.400030
27.0 32.0 11.400030
27.0 33.0 11.400030
27.0 34.0 11.400030
27.0 35.0 11.400030
27.0 36.0 11.400030
27.0 37.0 11.400030
27.0 38.0 11.400030
28.0 9.0 11.400030
28.0 11.3 11.400030
29.0 4.0 11.400030
29.0 5.0 11.400030
29.0 14.0 11.400030
29.0 24.0 11.400030
29.0 30.0 11.400030
30.0 7.0 11.400030
30.0 8.0 11.400030
30.0 9.0 11.400030
30.0 10.0 11.400030
30.0 11.0 11.400030
30.0 12.0 11.400030
30.0 13.0 11.400030
30.0 15.0 11.400030
30.0 16.0 11.400030
30.0 17.0 11.400030
30.0 18.0 11.400030
30.0 19.0 11.400030
30.0 20.0 11.400030
30.0 21.0 11.400030
30.0 22.0 11.400030
30.0 23.0 11.400030
30.0 25.0 11.400030
30.0 26.0 11.400030
30.0 27.0 11.400030
30.0 28.0 11.400030
30.0 29.0 11.400030
30.0 30.0 11.400030
30.0 31.0 11.400030
30.0 32.0 11.400030
30.0 33.0 11.400030
30.0 34.0 11.400030
30.0 35.0 11.400030
30.0 36.0 11.400030
30.0 37.0 11.400030
30.0 38.0 11.400030
1.5 35.0 11.400030
1.5 35.5 11.400030
4.7 25.5 11.400030
4.7 33.5 11.400030
4.7 34.5 11.400030
5.4 23.3 11.400030
5.4 24.3 11.400030
6.2 36.5 11.400030
6.2 37.1 11.400030
7.5 25.5 11.400030
8.5 5.2 11.400030
8.5 7.0 11.400030
8.5 22.8 11.400030
9.4 7.4 11.400030
9.5 22.2 11.400030
9.1 26.0 11.400030
10.5 10.5 11.400030
11.5 13.5 11.400030
11.7 22.8 11.400030
12.2 22.1 11.400030
13.5 7.5 11.400030
13.5 17.0 11.400030
13.5 21.4 11.400030
14.5 7.7 11.400030
15.5 3.0 11.400030
15.5 5.0 11.400030
15.5 18.5 11.400030
16.5 10.5 11.400030
16.9 26.8 11.400030
17.1 3.1 11.400030
17.1 5.1 11.400030
17.5 7.5 11.400030
17.9 25.8 11.400030
17.2 26.1 11.400030
17.9 33.3 11.400030
17.2 34.1 11.400030
18.3 27.0 11.400030
18.3 28.0 11.400030
18.3 34.5 11.400030
20.6 16.5 11.400030
20.5 31.5 11.400030
21.7 19.0 11.400030
21.1 20.0 11.400030
21.2 27.5 11.400030
21.5 32.5 11.400030
22.9 14.0 11.400030
22.2 28.2 11.400030
22.8 32.5 11.400030
23.9 13.0 11.400030
23.2 15.0 11.400030
24.5 7.1 11.400030
26.2 36.5 11.400030
27.5 5.2 11.400030
27.6 23.6 11.400030
28.5 22.0 11.400030
28.5 27.0 11.400030
28.5 33.5 11.400030
29.3 9.5 11.400030
29.5 17.5 11.400030
29.5 20.5 11.400030
5.2 32.0 11.400030
23.0 35.0 11.400030
23.2 31.5 11.400030
5.3 21.0 11.400030
25.5 7.1 11.400030
7.5 4.9 11.400030
0.0 0.0 0
