43.5841 58.7522 19.910618
60.2539 80.1704 19.910618
86.1563 95.4019 19.910618
44.4217 55.3301 19.910618
79.6042 79.6519 19.910618
8.89064 83.8954 19.910618
23.3569 85.0798 19.910618
47.6864 20.3976 19.910618
40.6271 60.1839 19.910618
95.4573 78.5053 19.910618
59.3326 96.8644 19.910618
94.61 43.2995 19.910618
8.30742 60.1487 19.910618
86.1254 75.412 19.910618
24.7619 69.8637 19.910618
96.3227 96.5824 19.910618
12.5872 53.6987 19.910618
56.3237 2.07366 19.910618
5.5259 61.9092 19.910618
69.1414 57.6653 19.910618
23.7167 70.7298 19.910618
58.3448 60.9201 19.910618
40.4171 94.2218 19.910618
1.5771 61.4642 19.910618
2.00806 6.28968 19.910618
19.6656 61.3862 19.910618
91.3249 42.8902 19.910618
82.834 58.4111 19.910618
4.96047 4.06059 19.910618
27.1361 73.6904 19.910618
97.9153 71.697 19.910618
48.9418 95.7946 19.910618
81.7106 28.112 19.910618
33.2771 46.652 19.910618
27.8353 94.5623 19.910618
16.854 97.4806 19.910618
80.6139 53.7748 19.910618
44.5404 30.686 19.910618
30.6696 55.2626 19.910618
55.5492 35.9315 19.910618
15.6444 17.8995 19.910618
14.0141 70.4084 19.910618
96.3235 44.2629 19.910618
46.0829 25.5503 19.910618
38.5534 48.7846 19.910618
93.1464 19.8146 19.910618
27.9893 89.6021 19.910618
33.1283 92.3481 19.910618
3.35356 88.986 19.910618
51.1528 6.04103 19.910618
23.2874 32.7742 19.910618
87.0562 74.7862 19.910618
12.6307 2.70835 19.910618
2.57158 38.4711 19.910618
55.099 31.771 19.910618
42.1545 66.9856 19.910618
69.9395 64.1832 19.910618
3.06059 88.1315 19.910618
48.6626 98.7924 19.910618
54.7886 87.0165 19.910618
76.419 22.7841 19.910618
48.934 88.5471 19.910618
90.8764 48.3318 19.910618
19.5225 82.1483 19.910618
17.1854 11.1942 19.910618
59.9164 58.75 19.910618
13.2524 50.7626 19.910618
32.7208 86.88 19.910618
26.7929 78.8352 19.910618
79.2919 13.6517 19.910618
15.6993 18.7479 19.910618
18.6101 90.3489 19.910618
74.5996 81.8744 19.910618
67.267 14.1516 19.910618
79.5061 49.6701 19.910618
29.8827 79.684 19.910618
9.16001 37.8018 19.910618
91.7898 10.5225 19.910618
37.0272 27.4581 19.910618
78.9206 73.8168 19.910618
80.035 15.8589 19.910618
74.8357 53.7031 19.910618
48.6979 8.85907 19.910618
14.8737 9.51072 19.910618
23.1984 1.0131 19.910618
97.2905 22.0419 19.910618
4.056 25.9589 19.910618
19.247 29.2712 19.910618
2.40393 50.9808 19.910618
31.6686 31.1822 19.910618
49.4944 16.327 19.910618
52.5118 68.1256 19.910618
83.5669 88.2708 19.910618
77.5205 18.1054 19.910618
10.9477 2.73525 19.910618
65.3011 67.1869 19.910618
62.8285 19.7058 19.910618
0.194865 71.2335 19.910618
73.064 44.6995 19.910618
58.0371 93.3465 19.910618
37.7453 86.3505 19.910618
25.8125 25.1372 19.910618
65.9297 69.3415 19.910618
70.0979 43.9308 19.910618
80.1207 32.7664 19.910618
75.5117 58.1702 19.910618
16.8354 77.4785 19.910618
60.771 67.3196 19.910618
56.9788 35.9946 19.910618
50.5772 79.5094 19.910618
69.2786 47.5055 19.910618
61.5258 41.6034 19.910618
43.3068 85.4106 19.910618
22.6997 14.9199 19.910618
32.641 61.5676 19.910618
75.6359 99.7073 19.910618
17.5187 55.1629 19.910618
20.7262 75.308 19.910618
12.7313 98.6134 19.910618
24.5176 59.5849 19.910618
36.8488 32.2474 19.910618
61.8453 80.8454 19.910618
28.4623 90.5817 19.910618
34.7487 93.2543 19.910618
94.2046 73.3577 19.910618
92.3029 41.017 19.910618
15.3759 23.0999 19.910618
47.6331 25.3181 19.910618
23.2085 58.8069 19.910618
43.9629 81.9344 19.910618
95.9404 38.2332 19.910618
65.9332 98.9174 19.910618
47.522 42.292 19.910618
73.4709 7.6166 19.910618
84.4594 85.6238 19.910618
1.02508 82.9527 19.910618
35.9094 68.8825 19.910618
90.11 20.7153 19.910618
60.7208 77.8844 19.910618
68.2389 8.47105 19.910618
84.0931 75.7357 19.910618
44.9959 88.3516 19.910618
72.565 40.2263 19.910618
88.2698 14.9994 19.910618
42.987 22.9253 19.910618
98.0879 82.1977 19.910618
57.8122 54.5104 19.910618
54.169 81.8375 19.910618
50.9211 16.4053 19.910618
87.5589 25.1226 19.910618
10.1219 82.045 19.910618
48.5894 0.54797 19.910618
13.4 22.8874 19.910618
16.7243 94.3593 19.910618
15.6372 44.5891 19.910618
26.7979 6.90196 19.910618
47.6475 71.1843 19.910618
45.6946 80.9262 19.910618
21.7245 2.01127 19.910618
16.5471 81.1813 19.910618
38.1612 45.7549 19.910618
31.0765 22.0815 19.910618
0.219756 2.58493 19.910618
13.5318 57.9262 19.910618
25.7714 33.2927 19.910618
67.8108 54.6502 19.910618
17.6011 61.1721 19.910618
56.0389 33.1015 19.910618
41.6783 52.1535 19.910618
85.2354 42.0312 19.910618
85.0689 32.1301 19.910618
74.5771 5.70821 19.910618
10.4725 58.878 19.910618
6.43447 8.70233 19.910618
41.7205 19.4188 19.910618
88.4474 55.9131 19.910618
86.8707 18.0065 19.910618
26.2003 42.5604 19.910618
66.9764 66.2314 19.910618
42.0178 3.44287 19.910618
42.4972 23.9973 19.910618
61.5069 0.482106 19.910618
96.7473 23.5618 19.910618
18.064 96.3276 19.910618
15.3897 25.3897 19.910618
13.8308 54.4775 19.910618
2.38826 24.0295 19.910618
70.1018 4.34543 19.910618
95.1537 79.2325 19.910618
19.0116 0.977048 19.910618
34.7579 99.7518 19.910618
33.1085 0.882753 19.910618
54.7387 20.4852 19.910618
77.6794 29.1288 19.910618
75.6586 91.7899 19.910618
17.2306 77.2747 19.910618
8.57052 3.36732 19.910618
90.4883 12.6216 19.910618
8.75416 38.928 19.910618
2.19732 10.251 19.910618
41.7302 58.1199 19.910618
20.5641 47.7219 19.910618
48.6743 62.5481 19.910618
37.2177 7.79249 19.910618
11.7937 48.0467 19.910618
29.5533 92.3189 19.910618
87.9339 96.7331 19.910618
88.9914 10.7701 19.910618
63.6977 85.2552 19.910618
38.2491 9.61738 19.910618
13.4598 41.6191 19.910618
75.9957 81.402 19.910618
4.45069 94.0863 19.910618
24.4594 47.3987 19.910618
64.2573 58.953 19.910618
22.8193 53.7552 19.910618
64.5769 3.66176 19.910618
88.1955 43.6361 19.910618
68.0574 15.6194 19.910618
81.1997 46.621 19.910618
96.3481 58.4969 19.910618
31.2678 61.1344 19.910618
85.3959 62.1638 19.910618
51.8363 98.9629 19.910618
27.2482 20.2425 19.910618
76.2214 75.1456 19.910618
64.8783 60.379 19.910618
78.3667 74.2083 19.910618
39.9475 19.2268 19.910618
3.24988 93.8751 19.910618
81.4209 43.6493 19.910618
29.1053 29.2049 19.910618
60.7013 1.36116 19.910618
9.27453 43.3967 19.910618
76.9072 18.2917 19.910618
17.5856 40.8861 19.910618
34.4656 38.8185 19.910618
22.7183 34.3604 19.910618
49.1148 32.8614 19.910618
2.55217 66.9796 19.910618
78.906 18.0381 19.910618
98.0725 73.509 19.910618
5.81823 20.7452 19.910618
19.5262 30.4483 19.910618
54.3707 99.6057 19.910618
55.717 37.8511 19.910618
25.6513 60.6643 19.910618
80.5435 37.2793 19.910618
46.2037 41.7062 19.910618
81.8209 62.9891 19.910618
41.546 82.3742 19.910618
20.3288 28.022 19.910618
32.5896 90.759 19.910618
51.2472 90.6526 19.910618
82.6909 80.2719 19.910618
37.4105 49.4356 19.910618
59.9164 61.9972 19.910618
32.7353 38.4372 19.910618
36.0033 17.5038 19.910618
80.9911 75.8316 19.910618
26.0672 21.3383 19.910618
93.4248 68.5015 19.910618
17.6023 36.5196 19.910618
60.6972 35.5066 19.910618
66.7645 81.0279 19.910618
85.2864 82.465 19.910618
74.632 5.60444 19.910618
9.35555 53.1101 19.910618
81.8774 60.6902 19.910618
74.6616 49.1772 19.910618
23.1083 96.0553 19.910618
68.3546 93.0491 19.910618
43.1006 68.5786 19.910618
70.983 56.1077 19.910618
45.2184 66.3382 19.910618
38.4806 81.2568 19.910618
88.6343 0.494442 19.910618
5.25835 27.1001 19.910618
15.2733 95.1553 19.910618
80.8889 76.3527 19.910618
77.5352 78.0347 19.910618
17.8085 51.9553 19.910618
98.8743 25.646 19.910618
11.4258 37.7412 19.910618
23.6126 49.4214 19.910618
31.4339 43.8079 19.910618
27.3595 17.3028 19.910618
4.99968 74.2733 19.910618
0.642906 35.395 19.910618
54.0007 52.8659 19.910618
78.6058 43.2582 19.910618
99.5164 7.77478 19.910618
50.9984 83.4341 19.910618
89.036 30.7257 19.910618
30.4468 53.5688 19.910618
47.3917 2.23053 19.910618
86.8559 48.4797 19.910618
9.17265 66.1356 19.910618
61.6789 74.8507 19.910618
41.4131 74.8199 19.910618
23.6206 68.344 19.910618
97.4766 17.1802 19.910618
73.2088 32.0501 19.910618
33.4192 59.483 19.910618
56.1254 1.40532 19.910618
3.30116 54.5758 19.910618
45.1636 79.7971 19.910618
19.7287 0.198716 19.910618
23.6339 40.0124 19.910618
74.7866 36.0265 19.910618
43.0779 81.6476 19.910618
2.1823 25.6845 19.910618
34.4638 23.0393 19.910618
75.4786 92.9344 19.910618
25.7178 17.895 19.910618
23.3293 78.9181 19.910618
10.9638 55.5178 19.910618
81.8496 38.8539 19.910618
43.8962 13.6901 19.910618
34.4937 83.7515 19.910618
92.0634 46.0336 19.910618
95.0473 3.39817 19.910618
12.3803 91.1149 19.910618
82.6839 23.4883 19.910618
96.7716 16.6523 19.910618
76.3859 55.8636 19.910618
47.7087 83.4773 19.910618
18.9042 62.1271 19.910618
50.0418 88.5256 19.910618
80.7777 87.9354 19.910618
0.613562 12.2624 19.910618
68.0526 97.9535 19.910618
75.2455 17.3084 19.910618
74.0572 35.987 19.910618
49.4045 19.961 19.910618
22.5447 55.6169 19.910618
78.2186 68.7569 19.910618
55.9929 17.1432 19.910618
46.3399 71.17 19.910618
9.96077 19.2347 19.910618
25.7615 81.4539 19.910618
4.28894 92.6489 19.910618
17.2907 17.3232 19.910618
48.3206 81.4332 19.910618
53.7144 89.3849 19.910618
0.299018 97.3272 19.910618
28.6889 43.6077 19.910618
3.44571 28.2052 19.910618
38.2173 22.874 19.910618
40.7053 85.7824 19.910618
95.7659 2.55349 19.910618
53.4254 44.9898 19.910618
89.1084 77.1611 19.910618
60.9907 71.4945 19.910618
80.0506 36.8529 19.910618
0.65945 19.6999 19.910618
12.2621 43.6923 19.910618
51.793 64.9464 19.910618
23.5387 4.13129 19.910618
60.356 72.3736 19.910618
91.0373 94.8618 19.910618
49.8328 92.6571 19.910618
54.8665 95.2849 19.910618
77.911 9.90186 19.910618
58.2097 7.56071 19.910618
21.4744 8.21886 19.910618
56.0439 62.2937 19.910618
69.3672 55.5594 19.910618
9.0496 1.67955 19.910618
76.05 41.1841 19.910618
62.6521 52.6724 19.910618
99.5853 23.4577 19.910618
91.8947 87.6684 19.910618
98.9579 4.73211 19.910618
37.7688 31.4408 19.910618
96.1419 41.3034 19.910618
82.5413 70.9361 19.910618
82.7455 58.0479 19.910618
3.57801 99.0366 19.910618
62.0154 28.1819 19.910618
10.9524 12.0779 19.910618
73.8931 82.0767 19.910618
27.4222 25.8428 19.910618
8.25408 64.3565 19.910618
59.2712 76.4167 19.910618
72.4782 47.1166 19.910618
77.8131 90.2453 19.910618
88.5712 66.6382 19.910618
2.68873 16.3883 19.910618
74.1314 97.2935 19.910618
16.576 71.2313 19.910618
25.6231 12.6549 19.910618
92.7385 89.9534 19.910618
52.4925 5.37248 19.910618
7.21925 42.3799 19.910618
36.723 86.3354 19.910618
34.9224 79.9328 19.910618
12.7116 4.29147 19.910618
58.7637 13.9566 19.910618
2.28315 35.5085 0
