43.5841 58.7522 1.991132
60.2539 80.1704 1.991132
86.1563 95.4019 1.991132
44.4217 55.3301 1.991132
79.6042 79.6519 1.991132
8.89064 83.8954 1.991132
23.3569 85.0798 1.991132
47.6864 20.3976 1.991132
40.6271 60.1839 1.991132
95.4573 78.5053 1.991132
59.3326 96.8644 1.991132
94.61 43.2995 1.991132
8.30742 60.1487 1.991132
86.1254 75.412 1.991132
24.7619 69.8637 1.991132
96.3227 96.5824 1.991132
12.5872 53.6987 1.991132
56.3237 2.07366 1.991132
5.5259 61.9092 1.991132
69.1414 57.6653 1.991132
23.7167 70.7298 1.991132
58.3448 60.9201 1.991132
40.4171 94.2218 1.991132
1.5771 61.4642 1.991132
2.00806 6.28968 1.991132
19.6656 61.3862 1.991132
91.3249 42.8902 1.991132
82.834 58.4111 1.991132
4.96047 4.06059 1.991132
27.1361 73.6904 1.991132
97.9153 71.697 1.991132
48.9418 95.7946 1.991132
81.7106 28.112 1.991132
33.2771 46.652 1.991132
27.8353 94.5623 1.991132
16.854 97.4806 1.991132
80.6139 53.7748 1.991132
44.5404 30.686 1.991132
30.6696 55.2626 1.991132
55.5492 35.9315 1.991132
15.6444 17.8995 1.991132
14.0141 70.4084 1.991132
96.3235 44.2629 1.991132
46.0829 25.5503 1.991132
38.5534 48.7846 1.991132
93.1464 19.8146 1.991132
27.9893 89.6021 1.991132
33.1283 92.3481 1.991132
3.35356 88.986 1.991132
51.1528 6.04103 1.991132
23.2874 32.7742 1.991132
87.0562 74.7862 1.991132
12.6307 2.70835 1.991132
2.57158 38.4711 1.991132
55.099 31.771 1.991132
42.1545 66.9856 1.991132
69.9395 64.1832 1.991132
3.06059 88.1315 1.991132
48.6626 98.7924 1.991132
54.7886 87.0165 1.991132
76.419 22.7841 1.991132
48.934 88.5471 1.991132
90.8764 48.3318 1.991132
19.5225 82.1483 1.991132
17.1854 11.1942 1.991132
59.9164 58.75 1.991132
13.2524 50.7626 1.991132
32.7208 86.88 1.991132
26.7929 78.8352 1.991132
79.2919 13.6517 1.991132
15.6993 18.7479 1.991132
18.6101 90.3489 1.991132
74.5996 81.8744 1.991132
67.267 14.1516 1.991132
79.5061 49.6701 1.991132
29.8827 79.684 1.991132
9.16001 37.8018 1.991132
91.7898 10.5225 1.991132
37.0272 27.4581 1.991132
78.9206 73.8168 1.991132
80.035 15.8589 1.991132
74.8357 53.7031 1.991132
48.6979 8.85907 1.991132
14.8737 9.51072 1.991132
23.1984 1.0131 1.991132
97.2905 22.0419 1.991132
4.056 25.9589 1.991132
19.247 29.2712 1.991132
2.40393 50.9808 1.991132
31.6686 31.1822 1.991132
49.4944 16.327 1.991132
52.5118 68.1256 1.991132
83.5669 88.2708 1.991132
77.5205 18.1054 1.991132
10.9477 2.73525 1.991132
65.3011 67.1869 1.991132
62.8285 19.7058 1.991132
0.194865 71.2335 1.991132
73.064 44.6995 1.991132
58.0371 93.3465 1.991132
37.7453 86.3505 1.991132
25.8125 25.1372 1.991132
65.9297 69.3415 1.991132
70.0979 43.9308 1.991132
80.1207 32.7664 1.991132
75.5117 58.1702 1.991132
16.8354 77.4785 1.991132
60.771 67.3196 1.991132
56.9788 35.9946 1.991132
50.5772 79.5094 1.991132
69.2786 47.5055 1.991132
61.5258 41.6034 1.991132
43.3068 85.4106 1.991132
22.6997 14.9199 1.991132
32.641 61.5676 1.991132
75.6359 99.7073 1.991132
17.5187 55.1629 1.991132
20.7262 75.308 1.991132
12.7313 98.6134 1.991132
24.5176 59.5849 1.991132
36.8488 32.2474 1.991132
61.8453 80.8454 1.991132
28.4623 90.5817 1.991132
34.7487 93.2543 1.991132
94.2046 73.3577 1.991132
92.3029 41.017 1.991132
15.3759 23.0999 1.991132
47.6331 25.3181 1.991132
23.2085 58.8069 1.991132
43.9629 81.9344 1.991132
95.9404 38.2332 1.991132
65.9332 98.9174 1.991132
47.522 42.292 1.991132
73.4709 7.6166 1.991132
84.4594 85.6238 1.991132
1.02508 82.9527 1.991132
35.9094 68.8825 1.991132
90.11 20.7153 1.991132
60.7208 77.8844 1.991132
68.2389 8.47105 1.991132
84.0931 75.7357 1.991132
44.9959 88.3516 1.991132
72.565 40.2263 1.991132
88.2698 14.9994 1.991132
42.987 22.9253 1.991132
98.0879 82.1977 1.991132
57.8122 54.5104 1.991132
54.169 81.8375 1.991132
50.9211 16.4053 1.991132
87.5589 25.1226 1.991132
10.1219 82.045 1.991132
48.5894 0.54797 1.991132
13.4 22.8874 1.991132
16.7243 94.3593 1.991132
15.6372 44.5891 1.991132
26.7979 6.90196 1.991132
47.6475 71.1843 1.991132
45.6946 80.9262 1.991132
21.7245 2.01127 1.991132
16.5471 81.1813 1.991132
38.1612 45.7549 1.991132
31.0765 22.0815 1.991132
0.219756 2.58493 1.991132
13.5318 57.9262 1.991132
25.7714 33.2927 1.991132
67.8108 54.6502 1.991132
17.6011 61.1721 1.991132
56.0389 33.1015 1.991132
41.6783 52.1535 1.991132
85.2354 42.0312 1.991132
85.0689 32.1301 1.991132
74.5771 5.70821 1.991132
10.4725 58.878 1.991132
6.43447 8.70233 1.991132
41.7205 19.4188 1.991132
88.4474 55.9131 1.991132
86.8707 18.0065 1.991132
26.2003 42.5604 1.991132
66.9764 66.2314 1.991132
42.0178 3.44287 1.991132
42.4972 23.9973 1.991132
61.5069 0.482106 1.991132
96.7473 23.5618 1.991132
18.064 96.3276 1.991132
15.3897 25.3897 1.991132
13.8308 54.4775 1.991132
2.38826 24.0295 1.991132
70.1018 4.34543 1.991132
95.1537 79.2325 1.991132
19.0116 0.977048 1.991132
34.7579 99.7518 1.991132
33.1085 0.882753 1.991132
54.7387 20.4852 1.991132
77.6794 29.1288 1.991132
75.6586 91.7899 1.991132
17.2306 77.2747 1.991132
8.57052 3.36732 1.991132
90.4883 12.6216 1.991132
8.75416 38.928 1.991132
2.19732 10.251 1.991132
41.7302 58.1199 1.991132
20.5641 47.7219 1.991132
48.6743 62.5481 1.991132
37.2177 7.79249 1.991132
11.7937 48.0467 1.991132
29.5533 92.3189 1.991132
87.9339 96.7331 1.991132
88.9914 10.7701 1.991132
63.6977 85.2552 1.991132
38.2491 9.61738 1.991132
13.4598 41.6191 1.991132
75.9957 81.402 1.991132
4.45069 94.0863 1.991132
24.4594 47.3987 1.991132
64.2573 58.953 1.991132
22.8193 53.7552 1.991132
64.5769 3.66176 1.991132
88.1955 43.6361 1.991132
68.0574 15.6194 1.991132
81.1997 46.621 1.991132
96.3481 58.4969 1.991132
31.2678 61.1344 1.991132
85.3959 62.1638 1.991132
51.8363 98.9629 1.991132
27.2482 20.2425 1.991132
76.2214 75.1456 1.991132
64.8783 60.379 1.991132
78.3667 74.2083 1.991132
39.9475 19.2268 1.991132
3.24988 93.8751 1.991132
81.4209 43.6493 1.991132
29.1053 29.2049 1.991132
60.7013 1.36116 1.991132
9.27453 43.3967 1.991132
76.9072 18.2917 1.991132
17.5856 40.8861 1.991132
34.4656 38.8185 1.991132
22.7183 34.3604 1.991132
49.1148 32.8614 1.991132
2.55217 66.9796 1.991132
78.906 18.0381 1.991132
98.0725 73.509 1.991132
5.81823 20.7452 1.991132
19.5262 30.4483 1.991132
54.3707 99.6057 1.991132
55.717 37.8511 1.991132
25.6513 60.6643 1.991132
80.5435 37.2793 1.991132
46.2037 41.7062 1.991132
81.8209 62.9891 1.991132
41.546 82.3742 1.991132
20.3288 28.022 1.991132
32.5896 90.759 1.991132
51.2472 90.6526 1.991132
82.6909 80.2719 1.991132
37.4105 49.4356 1.991132
59.9164 61.9972 1.991132
32.7353 38.4372 1.991132
36.0033 17.5038 1.991132
80.9911 75.8316 1.991132
26.0672 21.3383 1.991132
93.4248 68.5015 1.991132
17.6023 36.5196 1.991132
60.6972 35.5066 1.991132
66.7645 81.0279 1.991132
85.2864 82.465 1.991132
74.632 5.60444 1.991132
9.35555 53.1101 1.991132
81.8774 60.6902 1.991132
74.6616 49.1772 1.991132
23.1083 96.0553 1.991132
68.3546 93.0491 1.991132
43.1006 68.5786 1.991132
70.983 56.1077 1.991132
45.2184 66.3382 1.991132
38.4806 81.2568 1.991132
88.6343 0.494442 1.991132
5.25835 27.1001 1.991132
15.2733 95.1553 1.991132
80.8889 76.3527 1.991132
77.5352 78.0347 1.991132
17.8085 51.9553 1.991132
98.8743 25.646 1.991132
11.4258 37.7412 1.991132
23.6126 49.4214 1.991132
31.4339 43.8079 1.991132
27.3595 17.3028 1.991132
4.99968 74.2733 1.991132
0.642906 35.395 1.991132
54.0007 52.8659 1.991132
78.6058 43.2582 1.991132
99.5164 7.77478 1.991132
50.9984 83.4341 1.991132
89.036 30.7257 1.991132
30.4468 53.5688 1.991132
47.3917 2.23053 1.991132
86.8559 48.4797 1.991132
9.17265 66.1356 1.991132
61.6789 74.8507 1.991132
41.4131 74.8199 1.991132
23.6206 68.344 1.991132
97.4766 17.1802 1.991132
73.2088 32.0501 1.991132
33.4192 59.483 1.991132
56.1254 1.40532 1.991132
3.30116 54.5758 1.991132
45.1636 79.7971 1.991132
19.7287 0.198716 1.991132
23.6339 40.0124 1.991132
74.7866 36.0265 1.991132
43.0779 81.6476 1.991132
2.1823 25.6845 1.991132
34.4638 23.0393 1.991132
75.4786 92.9344 1.991132
25.7178 17.895 1.991132
23.3293 78.9181 1.991132
10.9638 55.5178 1.991132
81.8496 38.8539 1.991132
43.8962 13.6901 1.991132
34.4937 83.7515 1.991132
92.0634 46.0336 1.991132
95.0473 3.39817 1.991132
12.3803 91.1149 1.991132
82.6839 23.4883 1.991132
96.7716 16.6523 1.991132
76.3859 55.8636 1.991132
47.7087 83.4773 1.991132
18.9042 62.1271 1.991132
50.0418 88.5256 1.991132
80.7777 87.9354 1.991132
0.613562 12.2624 1.991132
68.0526 97.9535 1.991132
75.2455 17.3084 1.991132
74.0572 35.987 1.991132
49.4045 19.961 1.991132
22.5447 55.6169 1.991132
78.2186 68.7569 1.991132
55.9929 17.1432 1.991132
46.3399 71.17 1.991132
9.96077 19.2347 1.991132
25.7615 81.4539 1.991132
4.28894 92.6489 1.991132
17.2907 17.3232 1.991132
48.3206 81.4332 1.991132
53.7144 89.3849 1.991132
0.299018 97.3272 1.991132
28.6889 43.6077 1.991132
3.44571 28.2052 1.991132
38.2173 22.874 1.991132
40.7053 85.7824 1.991132
95.7659 2.55349 1.991132
53.4254 44.9898 1.991132
89.1084 77.1611 1.991132
60.9907 71.4945 1.991132
80.0506 36.8529 1.991132
0.65945 19.6999 1.991132
12.2621 43.6923 1.991132
51.793 64.9464 1.991132
23.5387 4.13129 1.991132
60.356 72.3736 1.991132
91.0373 94.8618 1.991132
49.8328 92.6571 1.991132
54.8665 95.2849 1.991132
77.911 9.90186 1.991132
58.2097 7.56071 1.991132
21.4744 8.21886 1.991132
56.0439 62.2937 1.991132
69.3672 55.5594 1.991132
9.0496 1.67955 1.991132
76.05 41.1841 1.991132
62.6521 52.6724 1.991132
99.5853 23.4577 1.991132
91.8947 87.6684 1.991132
98.9579 4.73211 1.991132
37.7688 31.4408 1.991132
96.1419 41.3034 1.991132
82.5413 70.9361 1.991132
82.7455 58.0479 1.991132
3.57801 99.0366 1.991132
62.0154 28.1819 1.991132
10.9524 12.0779 1.991132
73.8931 82.0767 1.991132
27.4222 25.8428 1.991132
8.25408 64.3565 1.991132
59.2712 76.4167 1.991132
72.4782 47.1166 1.991132
77.8131 90.2453 1.991132
88.5712 66.6382 1.991132
2.68873 16.3883 1.991132
74.1314 97.2935 1.991132
16.576 71.2313 1.991132
25.6231 12.6549 1.991132
92.7385 89.9534 1.991132
52.4925 5.37248 1.991132
7.21925 42.3799 1.991132
36.723 86.3354 1.991132
34.9224 79.9328 1.991132
12.7116 4.29147 1.991132
58.7637 13.9566 1.991132
2.28315 35.5085 0
